-1.127598956227302551e-01
-3.657359778881072998e-01
-5.780295655131340027e-02
1.458535492420196533e-01
-2.358566373586654663e-01
-2.580545842647552490e-01
-4.115073084831237793e-01
7.031512912362813950e-03
-5.623340606689453125e-02
-1.645892485976219177e-02
-4.185708761215209961e-01
-2.765548825263977051e-01
-2.637782692909240723e-01
2.843401730060577393e-01
5.792174935340881348e-01
2.063291817903518677e-01
-1.625562012195587158e-01
1.050364002585411072e-01
8.799646049737930298e-02
-4.755751192569732666e-01
-3.308280110359191895e-01
1.614739298820495605e-01
-4.336570799350738525e-01
-1.662792637944221497e-03
-2.732282280921936035e-01
1.316956579685211182e-01
-1.801167130470275879e-01
-2.967416048049926758e-01
-1.488002836704254150e-01
-5.036506652832031250e-01
-1.973224245011806488e-02
-4.468228518962860107e-01
