1.760212779045104980e-01
-1.016145870089530945e-01
-7.845290750265121460e-02
8.151598274707794189e-02
-3.376269340515136719e-02
-2.061550915241241455e-01
-7.918078452348709106e-02
2.527050673961639404e-01
-2.730204761028289795e-01
-1.112986430525779724e-01
-3.520909324288368225e-02
7.579191029071807861e-02
1.191100571304559708e-02
3.448651134967803955e-01
-2.892743051052093506e-01
-2.484260872006416321e-02
-2.706467509269714355e-01
-1.443905010819435120e-02
-2.115385979413986206e-02
1.366541683673858643e-01
-1.911971122026443481e-01
2.996722757816314697e-01
1.596962958574295044e-01
1.125370115041732788e-01
3.122629411518573761e-02
3.379157483577728271e-01
-1.630641706287860870e-02
1.811003684997558594e-01
-1.021052896976470947e-01
-4.159780144691467285e-01
9.256608039140701294e-02
1.915034055709838867e-01
1.705187559127807617e-01
8.507089689373970032e-03
-2.008292824029922485e-02
6.913942843675613403e-02
-1.491944491863250732e-01
8.175082504749298096e-03
-1.853765174746513367e-02
3.445726260542869568e-02
-1.172984391450881958e-01
2.835045754909515381e-01
2.073208428919315338e-02
-3.895694017410278320e-02
1.696910411119461060e-01
-1.223500445485115051e-01
2.977010905742645264e-01
1.176264062523841858e-01
-1.207447052001953125e-01
-5.777560546994209290e-02
2.824161946773529053e-01
-1.096552610397338867e-01
-2.433134242892265320e-02
-2.370536476373672485e-01
2.870230674743652344e-01
3.404414057731628418e-01
1.709643006324768066e-01
1.108608171343803406e-01
1.734693348407745361e-01
-1.109674945473670959e-01
4.656322672963142395e-02
-7.585486024618148804e-02
-1.440436542034149170e-01
7.540347287431359291e-04
-7.190599292516708374e-02
1.929420232772827148e-01
-3.306676447391510010e-02
9.927481412887573242e-02
-1.229569241404533386e-01
-7.938464730978012085e-02
4.038520753383636475e-01
8.311202377080917358e-02
-1.823696680366992950e-02
-9.134603291749954224e-02
1.058187484741210938e-01
4.282915592193603516e-02
-7.446298748254776001e-02
-8.360183984041213989e-02
3.204526603221893311e-01
4.963435605168342590e-02
8.819817006587982178e-02
2.034400850534439087e-01
-2.872496247291564941e-01
-1.579200476408004761e-01
2.369272857904434204e-01
-1.332840174436569214e-01
-2.596278786659240723e-01
3.570784116163849831e-03
-6.293047964572906494e-02
-1.106189265847206116e-01
-5.291653051972389221e-02
3.203616663813591003e-02
-4.737454280257225037e-02
-1.046976968646049500e-01
3.778112679719924927e-02
-7.201325893402099609e-02
1.476646810770034790e-01
-1.101328134536743164e-01
3.039475157856941223e-02
-8.478704094886779785e-02
6.363901495933532715e-02
-1.758308708667755127e-02
4.602522030472755432e-02
3.974041938781738281e-01
4.639426991343498230e-02
3.057870268821716309e-01
-3.040659725666046143e-01
-9.001682698726654053e-02
-3.634878434240818024e-03
-2.185821384191513062e-01
2.871355414390563965e-01
1.980027109384536743e-01
-5.701399967074394226e-02
-2.411780208349227905e-01
-1.360117048025131226e-01
1.708444207906723022e-01
-5.900745163671672344e-04
9.997779875993728638e-02
-8.756107091903686523e-02
-7.552845031023025513e-02
-7.448408007621765137e-02
-1.726140640676021576e-02
1.750693917274475098e-01
1.478699743747711182e-01
6.291967630386352539e-02
-4.388367384672164917e-02
1.249319538474082947e-01
9.783920645713806152e-02
-4.385848715901374817e-02
-1.746634542942047119e-01
-6.312276422977447510e-02
8.583442308008670807e-03
-7.441716641187667847e-02
1.755284219980239868e-01
-1.310405135154724121e-01
5.737077444791793823e-02
-6.516154110431671143e-02
-2.873836159706115723e-01
-3.365347534418106079e-02
-1.242981106042861938e-01
-6.416191905736923218e-02
4.255305528640747070e-01
-8.824465796351432800e-03
-3.827469423413276672e-02
7.160519063472747803e-02
-4.814177285879850388e-03
-1.438101083040237427e-01
4.953290149569511414e-02
-1.805853247642517090e-01
3.243198990821838379e-02
-9.424822032451629639e-02
2.477477639913558960e-01
1.388581246137619019e-01
2.529400289058685303e-01
6.295001506805419922e-02
-1.342397332191467285e-01
5.752932652831077576e-02
4.347008839249610901e-02
-2.186290686950087547e-03
-2.714823745191097260e-02
-5.758271552622318268e-03
1.637156307697296143e-01
-8.764342218637466431e-02
-3.078192286193370819e-02
-6.492073182016611099e-03
5.038220807909965515e-02
8.848703652620315552e-02
-1.865943670272827148e-01
-3.520433790981769562e-03
1.693457365036010742e-01
-1.821732074022293091e-01
8.214224129915237427e-02
6.841113418340682983e-02
1.148087233304977417e-01
2.693505287170410156e-01
1.044913157820701599e-01
-2.655722014605998993e-02
-4.703110083937644958e-02
-1.101945526897907257e-02
1.198173761367797852e-01
-8.335302025079727173e-02
-4.265132918953895569e-02
1.858645305037498474e-02
2.916973829269409180e-01
1.302263513207435608e-02
-1.726768910884857178e-01
1.845218837261199951e-01
9.190852195024490356e-02
1.889433711767196655e-01
-1.631690412759780884e-01
1.430460512638092041e-01
-8.584587275981903076e-02
