-1.302043944597244263e-01
2.278319559991359711e-03
1.996881663799285889e-01
-7.668660022318363190e-03
-7.878348231315612793e-02
-1.306704878807067871e-01
9.763944894075393677e-02
-4.147186130285263062e-02
1.262226998805999756e-01
-2.442242205142974854e-02
2.426867336034774780e-01
-9.345300495624542236e-02
-4.476091265678405762e-01
-1.977196186780929565e-01
1.172975227236747742e-01
-3.992895362898707390e-04
-3.716416358947753906e-01
-8.001149892807006836e-01
-2.532018721103668213e-01
2.668688539415597916e-03
-2.420649863779544830e-02
1.847369968891143799e-02
-2.518810331821441650e-01
3.082355670630931854e-02
-2.295280620455741882e-02
8.632063120603561401e-02
2.092440426349639893e-01
5.165086593478918076e-03
1.309941858053207397e-01
-4.164145141839981079e-02
-1.934158266521990299e-03
4.030593484640121460e-02
1.007972583174705505e-01
1.769869327545166016e-01
4.155772328376770020e-01
-1.248162053525447845e-02
1.193157285451889038e-01
1.349243074655532837e-01
2.957344949245452881e-01
-7.081035524606704712e-02
-1.296145021915435791e-01
-6.411040574312210083e-02
-2.723681740462779999e-02
-1.472623646259307861e-01
-3.053659498691558838e-01
1.558222174644470215e-01
-9.274375438690185547e-02
-4.529988765716552734e-01
-3.717723488807678223e-01
-1.233683302998542786e-01
8.919999003410339355e-02
-3.201052248477935791e-01
-5.530860424041748047e-01
-5.423312261700630188e-02
5.147661548107862473e-03
7.548648398369550705e-03
-3.562729060649871826e-01
-8.412701636552810669e-02
-2.701782882213592529e-01
-1.772554069757461548e-01
-5.659150704741477966e-02
3.897520527243614197e-02
1.653774082660675049e-02
6.727782636880874634e-02
1.093953996896743774e-01
-8.104778826236724854e-02
1.544660031795501709e-01
2.217373847961425781e-01
-2.819651970639824867e-03
2.531195282936096191e-01
1.580839604139328003e-01
2.887896597385406494e-01
4.694606661796569824e-01
2.263440489768981934e-01
-9.271951764822006226e-02
2.632417380809783936e-01
9.820918738842010498e-02
-2.242783457040786743e-01
-4.136365354061126709e-01
-1.027597188949584961e-01
1.819635033607482910e-01
5.743043124675750732e-02
1.220155060291290283e-01
-6.082665324211120605e-01
-1.331010758876800537e-01
9.754202514886856079e-02
9.235714375972747803e-02
1.803355365991592407e-01
-2.483307868242263794e-01
-1.503074914216995239e-01
-6.104622781276702881e-02
2.478023618459701538e-01
2.211309596896171570e-02
-2.124615460634231567e-01
1.724699437618255615e-01
9.111552499234676361e-03
1.984448879957199097e-01
-7.074630260467529297e-02
-1.811377555131912231e-01
1.929913088679313660e-02
-1.293251365423202515e-01
2.875961661338806152e-01
3.829000890254974365e-01
1.902434527873992920e-01
1.523592174053192139e-01
-3.787059187889099121e-01
-2.561050057411193848e-01
-1.977365314960479736e-01
-3.690896034240722656e-01
-2.873675227165222168e-01
1.242120712995529175e-01
1.959962993860244751e-01
1.510270684957504272e-01
1.382158994674682617e-01
1.439788788557052612e-01
2.022969126701354980e-01
-2.112840563058853149e-01
5.917706340551376343e-02
-9.188330732285976410e-04
1.866788715124130249e-01
-3.283579275012016296e-02
-3.378141224384307861e-01
1.282998621463775635e-01
2.818691432476043701e-01
1.517805904150009155e-01
4.564265534281730652e-02
-2.747896909713745117e-01
3.295399844646453857e-01
6.349400430917739868e-02
-4.654609411954879761e-02
-1.494536735117435455e-02
-4.887433350086212158e-01
6.261801123619079590e-01
-1.187272816896438599e-01
4.454322159290313721e-03
-1.763808280229568481e-01
-4.802969694137573242e-01
7.906036376953125000e-01
-2.293992191553115845e-01
6.837014108896255493e-02
-1.908960789442062378e-01
-3.277460336685180664e-01
5.964275598526000977e-01
-9.745357185602188110e-02
5.325835198163986206e-03
-9.668170660734176636e-02
-4.482249915599822998e-01
4.807051718235015869e-01
8.986793458461761475e-02
-3.050000779330730438e-02
