1.469144970178604126e-01
1.043667793273925781e-01
9.093723446130752563e-02
-2.075806558132171631e-01
-7.464882731437683105e-02
-1.985361278057098389e-01
-8.074699342250823975e-02
-8.503965288400650024e-02
-3.163545727729797363e-01
-4.283240437507629395e-01
-3.267607092857360840e-01
7.725055515766143799e-02
9.713374823331832886e-02
6.097293272614479065e-02
-1.259739100933074951e-01
-2.921162545680999756e-02
-1.045180577784776688e-02
1.755414530634880066e-02
-2.787576802074909210e-02
3.437516465783119202e-02
3.282468914985656738e-01
-1.102517098188400269e-01
-1.058886423707008362e-01
-1.929787993431091309e-01
-7.972129620611667633e-03
1.418066173791885376e-01
1.197540536522865295e-01
-1.601854264736175537e-01
-2.800730168819427490e-01
-1.795595698058605194e-02
-6.426146253943443298e-03
9.578102082014083862e-02
2.642474323511123657e-02
-2.269816584885120392e-03
8.225722610950469971e-02
2.629983238875865936e-02
-5.285942927002906799e-03
6.580590456724166870e-02
1.037865653634071350e-01
1.235228106379508972e-01
-4.139345139265060425e-03
3.018277930095791817e-03
1.164346411824226379e-01
7.205116003751754761e-02
-2.078195288777351379e-02
1.832406818866729736e-01
3.148709237575531006e-01
1.774826496839523315e-01
1.714134663343429565e-01
8.846713602542877197e-02
-1.686248183250427246e-01
-2.978783249855041504e-01
-9.130260348320007324e-02
7.450295239686965942e-02
1.561767421662807465e-02
-1.699711978435516357e-01
-3.712696954607963562e-02
-2.052305787801742554e-01
-2.354265749454498291e-01
-7.579245418310165405e-02
4.956699162721633911e-02
8.941882848739624023e-02
-4.476464167237281799e-02
-9.046305716037750244e-02
-1.124231889843940735e-02
1.551941484212875366e-01
-2.362262457609176636e-01
-2.893792092800140381e-01
-4.140515625476837158e-01
-3.707585036754608154e-01
-1.491774618625640869e-01
-6.198237538337707520e-01
-8.919790387153625488e-01
-5.761944651603698730e-01
-3.473773896694183350e-01
-2.136340439319610596e-01
-7.786788046360015869e-02
1.520818173885345459e-01
1.926050186157226562e-01
1.003835257142782211e-02
-1.060779094696044922e-01
-2.475553303956985474e-01
-1.959307789802551270e-01
-8.344696462154388428e-02
-1.681816577911376953e-01
8.594255149364471436e-02
-3.597516566514968872e-03
9.277399629354476929e-02
1.037475243210792542e-01
5.112889036536216736e-02
2.760318480432033539e-02
9.280199557542800903e-02
9.942438453435897827e-03
4.698079079389572144e-02
-3.299375995993614197e-02
2.087544202804565430e-01
2.654852271080017090e-01
1.278288066387176514e-01
1.970756351947784424e-01
7.405681163072586060e-02
-2.983197569847106934e-01
-2.283282130956649780e-01
-1.201178357005119324e-01
-5.614485591650009155e-02
1.164040490984916687e-01
-2.225721180438995361e-01
-2.050429582595825195e-01
-1.247791275382041931e-01
-9.564377367496490479e-02
4.270296916365623474e-02
-1.126208528876304626e-01
-1.201039180159568787e-01
-1.203301325440406799e-01
-7.238292694091796875e-02
2.625425718724727631e-02
-1.713329255580902100e-01
-4.239626973867416382e-02
2.722004987299442291e-02
-6.797034293413162231e-02
-3.082842752337455750e-02
5.431987643241882324e-01
4.313131570816040039e-01
4.128687977790832520e-01
2.786572277545928955e-01
1.052388399839401245e-01
1.613994836807250977e-01
-2.529732324182987213e-02
-5.707836747169494629e-01
-5.397009849548339844e-01
-1.408024877309799194e-01
1.813835948705673218e-01
1.434967853128910065e-02
-4.295566380023956299e-01
-2.336327880620956421e-01
8.015050739049911499e-02
1.421299129724502563e-01
-4.208458960056304932e-02
-3.189758956432342529e-02
3.385901078581809998e-02
1.414849460124969482e-01
-1.847127079963684082e-01
1.910336613655090332e-01
3.722046911716461182e-01
3.597861900925636292e-02
-1.002777069807052612e-01
2.362551540136337280e-01
3.073367178440093994e-01
2.129427045583724976e-01
-2.146509736776351929e-01
-1.378208398818969727e-01
-1.464794874191284180e-01
9.342242777347564697e-02
-5.376335233449935913e-02
-3.421359881758689880e-02
-1.385889798402786255e-01
-2.051980346441268921e-01
-9.314901195466518402e-03
2.609402686357498169e-02
3.942307829856872559e-02
6.421460956335067749e-02
4.699482396245002747e-02
1.250008214265108109e-02
7.515404373407363892e-02
1.063737049698829651e-01
1.942928284406661987e-01
-5.596165731549263000e-02
-9.410595893859863281e-02
1.621953211724758148e-02
4.528823494911193848e-02
9.640729054808616638e-03
-4.474399685859680176e-01
-1.584220491349697113e-02
9.088625200092792511e-03
8.125164359807968140e-02
-1.233793273568153381e-01
1.852885782718658447e-01
1.910014748573303223e-01
2.558945417404174805e-01
-2.930426001548767090e-01
-9.841962903738021851e-02
1.765168607234954834e-01
7.523695379495620728e-02
2.251427620649337769e-02
-1.050832271575927734e-01
1.339893788099288940e-01
-1.767432130873203278e-02
-6.104141473770141602e-02
-1.193722635507583618e-01
-5.874089524149894714e-02
2.729819342494010925e-02
6.513264030218124390e-02
-3.449442982673645020e-02
-1.466995030641555786e-01
-3.970273956656455994e-02
-7.445998489856719971e-02
3.431425243616104126e-02
1.988882273435592651e-01
-2.360980063676834106e-01
-2.086882591247558594e-01
9.505333751440048218e-02
2.119574248790740967e-01
4.357720538973808289e-02
-2.449834197759628296e-01
-7.331511378288269043e-02
9.818875044584274292e-02
2.905026674270629883e-01
5.370847880840301514e-02
-1.130381450057029724e-01
-7.304005324840545654e-02
1.054561883211135864e-01
3.053617775440216064e-01
1.819876581430435181e-01
3.793959319591522217e-02
4.308208450675010681e-02
4.754513036459684372e-03
9.872493892908096313e-02
5.438171327114105225e-02
1.118222549557685852e-01
1.305552273988723755e-01
8.901616930961608887e-02
-2.695633172988891602e-01
-1.501154005527496338e-01
8.279312402009963989e-02
-9.682663530111312866e-02
-1.250964403152465820e-01
-9.228333085775375366e-02
1.610868871212005615e-01
1.122534498572349548e-01
-2.397118508815765381e-02
3.383101522922515869e-02
-8.618589490652084351e-02
1.090399026870727539e-01
7.801710069179534912e-02
6.665467470884323120e-02
1.994228549301624298e-02
2.688819915056228638e-02
5.520189180970191956e-02
-1.442952752113342285e-01
-7.726558297872543335e-02
-6.053862627595663071e-03
1.111509371548891068e-02
2.152873389422893524e-02
-1.417536586523056030e-01
-2.079922556877136230e-01
9.017396718263626099e-02
2.733862698078155518e-01
2.232245504856109619e-01
1.025255173444747925e-01
2.587071992456912994e-02
-4.496952891349792480e-02
-9.279819205403327942e-03
-2.913925610482692719e-02
-3.292714655399322510e-01
1.720450371503829956e-01
2.492495179176330566e-01
2.186875641345977783e-01
1.008373871445655823e-01
-1.163752935826778412e-02
1.134604886174201965e-01
1.208912804722785950e-01
6.668929755687713623e-02
-3.860571980476379395e-02
-1.201226413249969482e-01
-3.241944611072540283e-01
3.792431205511093140e-02
-7.695361226797103882e-02
8.247821778059005737e-02
4.353453963994979858e-02
-3.194213509559631348e-01
5.899834213778376579e-04
2.388629466295242310e-01
2.337766438722610474e-01
3.709167838096618652e-01
-2.288741804659366608e-02
-2.550711035728454590e-01
2.935643196105957031e-01
2.869715988636016846e-01
5.390169024467468262e-01
-8.187536895275115967e-02
-6.155847758054733276e-02
-2.767961621284484863e-01
-1.790053024888038635e-02
2.295102179050445557e-01
1.540350168943405151e-01
-3.600914180278778076e-01
1.744060590863227844e-02
-6.264685094356536865e-02
1.601924300193786621e-01
4.248851537704467773e-01
1.457817703485488892e-01
-3.009357862174510956e-02
-7.418499141931533813e-02
3.713138028979301453e-02
1.548143178224563599e-01
2.007649540901184082e-01
-4.807860255241394043e-01
-1.804501414299011230e-01
-5.354170873761177063e-02
7.911998778581619263e-03
7.868792116641998291e-02
1.464219093322753906e-01
1.350171566009521484e-01
2.087811194360256195e-02
1.688860356807708740e-02
1.302688568830490112e-01
1.849371381103992462e-02
9.347935765981674194e-02
8.773062378168106079e-02
-9.908655285835266113e-02
6.958321481943130493e-02
1.736834794282913208e-01
9.017805010080337524e-02
4.339273646473884583e-02
-1.770815700292587280e-01
3.436497971415519714e-02
1.529687177389860153e-02
1.236589923501014709e-01
2.085857242345809937e-01
5.848125368356704712e-02
7.707575708627700806e-02
8.166357129812240601e-02
1.396418213844299316e-01
6.938755512237548828e-02
9.803694486618041992e-02
1.975667327642440796e-01
1.795910485088825226e-02
-1.683359295129776001e-01
-3.993522524833679199e-01
-4.712224304676055908e-01
-3.865560591220855713e-01
6.538072228431701660e-02
-3.385558724403381348e-02
-3.243542015552520752e-01
-7.758017182350158691e-01
-3.771444261074066162e-01
-4.852624610066413879e-02
-3.027707524597644806e-02
-2.749725878238677979e-01
-5.458655357360839844e-01
-1.506589204072952271e-01
-1.511361915618181229e-02
-4.564701020717620850e-02
-2.382865250110626221e-01
-5.229760333895683289e-02
5.194703117012977600e-02
4.763800650835037231e-02
-6.292930245399475098e-02
3.521994501352310181e-02
2.831245362758636475e-01
-7.312687113881111145e-03
-1.257514208555221558e-01
2.864406816661357880e-02
1.033634766936302185e-01
1.929119825363159180e-01
1.428449153900146484e-01
1.945011615753173828e-01
1.717485673725605011e-02
-4.264238756150007248e-03
2.359708398580551147e-02
-1.521430443972349167e-03
2.344493865966796875e-01
1.365100592374801636e-01
-1.547698080539703369e-01
-2.650259137153625488e-01
-8.512911945581436157e-02
1.944044977426528931e-01
-1.677423268556594849e-01
-2.945993840694427490e-01
2.865174114704132080e-01
-4.175990447402000427e-02
2.173268608748912811e-02
-2.390799373388290405e-01
-1.102556288242340088e-01
1.204746663570404053e-01
6.183160096406936646e-02
-1.895621865987777710e-01
2.184044104069471359e-03
-4.068145155906677246e-02
-1.585969477891921997e-01
-5.870104208588600159e-02
9.551251679658889771e-02
5.600345507264137268e-02
-1.138108745217323303e-01
-2.839863896369934082e-01
9.274686127901077271e-02
2.943810075521469116e-02
6.574198603630065918e-02
-2.347140610218048096e-01
-3.285371363162994385e-01
-1.531715542078018188e-01
-4.481194168329238892e-02
-2.944032289087772369e-02
-1.819635182619094849e-01
-3.119133180007338524e-03
-5.202755331993103027e-02
1.414263807237148285e-02
3.895767778158187866e-02
-7.225676090456545353e-04
-4.122225940227508545e-02
3.493800759315490723e-02
-1.552940607070922852e-01
-4.899280369281768799e-01
-8.237224817276000977e-01
-5.760570168495178223e-01
-1.798767596483230591e-01
6.698688119649887085e-02
-2.552662491798400879e-01
-4.346710443496704102e-01
-4.051253497600555420e-01
-4.165460914373397827e-02
-1.249617859721183777e-01
-3.044141232967376709e-01
-5.621608346700668335e-02
-3.042332530021667480e-01
-1.545332968235015869e-01
4.581435583531856537e-03
6.510786712169647217e-02
2.985371947288513184e-01
4.611844941973686218e-02
-1.882012002170085907e-02
7.856451719999313354e-02
5.026754364371299744e-02
4.613105356693267822e-01
1.456436365842819214e-01
-1.209996044635772705e-01
1.326446086168289185e-01
2.882336825132369995e-02
-5.583934858441352844e-02
-4.055793955922126770e-02
-3.124491870403289795e-01
5.703970044851303101e-02
1.448252648115158081e-01
-1.639065295457839966e-01
-5.253837704658508301e-01
-4.432535469532012939e-01
-5.023206770420074463e-02
4.421953484416007996e-02
-2.788205817341804504e-02
2.046559751033782959e-02
-1.341674923896789551e-01
3.270938247442245483e-02
3.322437405586242676e-03
2.307211309671401978e-01
4.720785021781921387e-01
2.848039567470550537e-01
-1.369599997997283936e-01
-1.366697251796722412e-01
1.142518296837806702e-01
4.450408220291137695e-01
1.942238360643386841e-01
-1.066125407814979553e-01
1.047087311744689941e-01
2.839808464050292969e-01
-1.221832856535911560e-01
-1.380685120820999146e-01
-2.163941264152526855e-01
8.839351683855056763e-02
2.942484021186828613e-01
-1.200858689844608307e-02
-2.158537060022354126e-01
-1.424822211265563965e-01
3.440620005130767822e-02
2.127348184585571289e-01
-9.906210005283355713e-02
-1.253267675638198853e-01
6.852448731660842896e-02
1.723981052637100220e-01
2.157942950725555420e-01
-1.143559068441390991e-01
-6.541018933057785034e-02
-1.037595048546791077e-02
7.136774063110351562e-02
-3.331615775823593140e-02
-1.900881379842758179e-01
-9.296936541795730591e-02
-6.331318523734807968e-03
-1.576402634382247925e-01
-1.957220211625099182e-02
-1.535632908344268799e-01
-3.720338046550750732e-01
9.604482329450547695e-05
3.815997391939163208e-02
7.433883100748062134e-02
-1.552265733480453491e-01
-1.745046973228454590e-01
-1.099553555250167847e-01
-3.509234264492988586e-02
5.365638807415962219e-02
-3.006155043840408325e-02
-6.417077779769897461e-02
-6.135731562972068787e-02
-6.665537506341934204e-02
-4.419649764895439148e-02
3.483219817280769348e-02
2.675953693687915802e-02
2.302137613296508789e-01
-8.932997286319732666e-02
1.181466579437255859e-01
2.151587605476379395e-01
-1.744672842323780060e-02
-1.368252784013748169e-01
-1.187596619129180908e-01
-6.857208162546157837e-02
1.144936606287956238e-01
-7.389751076698303223e-02
-4.556033909320831299e-01
-1.359436511993408203e-01
-7.998943328857421875e-02
2.655978202819824219e-01
4.223778247833251953e-01
-3.074507415294647217e-01
-3.790842890739440918e-01
-2.762496471405029297e-01
-9.284389764070510864e-02
1.729664951562881470e-01
6.680023670196533203e-02
-1.216549575328826904e-01
-1.130932420492172241e-01
-2.216109186410903931e-01
1.081521138548851013e-01
2.956032454967498779e-01
1.031334251165390015e-01
7.946094125509262085e-02
-1.295589804649353027e-01
-1.748563796281814575e-01
1.006107125431299210e-02
-2.002966217696666718e-02
-1.895403265953063965e-01
-3.563230335712432861e-01
1.295089274644851685e-01
1.833076328039169312e-01
5.261533334851264954e-02
5.257443338632583618e-02
-5.830663070082664490e-02
4.867454245686531067e-02
-7.137441635131835938e-02
-1.115793548524379730e-02
1.399918645620346069e-01
1.575244814157485962e-01
6.663644313812255859e-02
-1.461843699216842651e-01
-5.384460091590881348e-02
4.055213555693626404e-02
2.350779324769973755e-01
-8.572482317686080933e-02
-8.422708511352539062e-02
1.215368323028087616e-02
1.022790744900703430e-02
2.617634832859039307e-01
7.029396295547485352e-02
-6.033424139022827148e-01
-2.298589497804641724e-01
-1.506770849227905273e-01
-2.678804099559783936e-02
8.479125052690505981e-02
-4.741641227155923843e-03
-1.503811776638031006e-01
1.089098602533340454e-01
-1.885197311639785767e-01
1.829856187105178833e-01
1.569938473403453827e-02
-7.212754338979721069e-02
1.535178720951080322e-01
-1.693627089262008667e-01
-1.330522894859313965e-01
-1.699438244104385376e-01
-3.653769567608833313e-02
3.328966498374938965e-01
1.170557513833045959e-01
-7.489298284053802490e-02
-1.482373755425214767e-02
7.394387573003768921e-02
6.935999393463134766e-01
3.984310626983642578e-01
-1.071415394544601440e-01
-6.186363473534584045e-02
-2.153356522321701050e-01
-1.696593761444091797e-01
1.948886066675186157e-01
8.448305726051330566e-02
1.372823268175125122e-01
-9.021911025047302246e-02
-9.755496680736541748e-02
8.305692672729492188e-02
-1.677426844835281372e-01
-6.837451364845037460e-04
-7.407726347446441650e-02
1.184522807598114014e-01
2.345365583896636963e-01
-8.350287377834320068e-02
1.389002054929733276e-01
-8.700101077556610107e-02
-2.034161798655986786e-02
4.650818407535552979e-01
3.750749528408050537e-01
-5.303958896547555923e-03
-5.412452816963195801e-01
-4.067131578922271729e-01
1.268346607685089111e-01
4.934078752994537354e-01
4.756931662559509277e-01
2.678862214088439941e-01
1.708602905273437500e-02
6.710401177406311035e-02
-3.165146112442016602e-01
1.845122724771499634e-01
-1.065431386232376099e-01
1.402991563081741333e-01
8.757724612951278687e-02
-1.503843665122985840e-01
3.545794486999511719e-01
1.974323950707912445e-02
3.939477726817131042e-03
-2.259144932031631470e-02
-1.987283825874328613e-01
1.843188256025314331e-01
-3.362436592578887939e-02
-1.172183360904455185e-02
5.583655089139938354e-02
-2.606987357139587402e-01
-6.971567124128341675e-02
-1.409905552864074707e-01
2.690572664141654968e-02
2.051662504673004150e-01
-1.689508408308029175e-01
-1.173935011029243469e-01
-3.918125331401824951e-01
-3.616056144237518311e-01
-7.583169639110565186e-02
-4.546301662921905518e-01
-6.017032265663146973e-02
7.422968000173568726e-02
5.477958917617797852e-02
-2.169754505157470703e-01
6.094754789955914021e-04
6.448357552289962769e-02
1.711621880531311035e-02
-1.234286278486251831e-01
-2.062185108661651611e-01
-1.673081815242767334e-01
5.735072866082191467e-02
8.507192134857177734e-02
-2.313661202788352966e-02
-3.241353482007980347e-02
-1.629093848168849945e-02
8.505080640316009521e-02
1.364138424396514893e-01
-1.460543423891067505e-01
-2.198472991585731506e-02
1.083571165800094604e-01
-4.813859164714813232e-01
-1.555613577365875244e-01
6.235050410032272339e-02
2.203916013240814209e-01
1.076637730002403259e-01
-1.087864860892295837e-01
5.117313563823699951e-02
-2.112756669521331787e-02
8.071629703044891357e-02
6.481971591711044312e-03
-2.456998229026794434e-01
-7.295961491763591766e-03
1.154217198491096497e-01
1.404874324798583984e-01
-1.713940501213073730e-02
-1.365894973278045654e-01
-7.883943617343902588e-02
1.648779809474945068e-01
7.010307163000106812e-02
-7.859193719923496246e-03
-5.046375393867492676e-01
-9.106222423724830151e-04
3.132840692996978760e-01
1.807458549737930298e-01
-7.136562466621398926e-02
1.529264748096466064e-01
2.824627459049224854e-01
1.197302788496017456e-01
-4.159205034375190735e-02
1.491107642650604248e-01
8.738935925066471100e-03
6.048476323485374451e-03
-2.509436197578907013e-02
-6.700314581394195557e-02
-2.555326092988252640e-03
-1.391038298606872559e-01
-5.253041163086891174e-02
8.914956450462341309e-02
8.135984092950820923e-02
-3.175256401300430298e-02
-2.244785875082015991e-01
-2.828460000455379486e-02
-3.652475029230117798e-02
-6.715867668390274048e-02
-8.452691137790679932e-02
-1.039166748523712158e-01
7.261009514331817627e-02
3.861775994300842285e-02
-1.193877831101417542e-01
-1.841482073068618774e-01
-4.430376291275024414e-01
1.142373159527778625e-01
3.669286966323852539e-01
4.427948892116546631e-01
4.170655608177185059e-01
3.776630014181137085e-02
-1.182334795594215393e-01
-1.282837837934494019e-01
1.982657238841056824e-03
9.385828673839569092e-02
-4.600625112652778625e-02
-1.182488501071929932e-01
-8.107843250036239624e-02
-1.316902600228786469e-02
4.818411171436309814e-02
-5.226142331957817078e-02
-6.470824591815471649e-03
-2.240255326032638550e-01
-3.831195645034313202e-03
3.327234089374542236e-02
6.999656558036804199e-02
9.182346612215042114e-02
-1.408658325672149658e-01
-1.256004422903060913e-01
8.185370097635313869e-05
-1.039701819419860840e+00
-4.415777027606964111e-01
-4.039930999279022217e-01
-6.374712586402893066e-01
2.109385281801223755e-01
-4.296609163284301758e-01
5.286534503102302551e-02
7.227120548486709595e-02
-4.956994950771331787e-01
-1.019535884261131287e-01
1.109285950660705566e-01
2.948234379291534424e-01
1.118098124861717224e-01
-7.127076983451843262e-01
-2.958846986293792725e-01
4.361650049686431885e-01
5.245871543884277344e-01
-1.071243956685066223e-01
-5.398117303848266602e-01
-2.504737675189971924e-01
2.730448246002197266e-01
3.328377902507781982e-01
-4.501049220561981201e-02
-4.196043014526367188e-01
-1.104366257786750793e-01
-1.508409623056650162e-02
1.256899535655975342e-01
1.419704556465148926e-01
-2.029987275600433350e-01
-3.416313230991363525e-01
2.034348435699939728e-02
-8.419569581747055054e-02
-2.037674374878406525e-02
-8.541250228881835938e-02
3.024455010890960693e-01
1.238041296601295471e-01
-6.114834174513816833e-02
-6.972486525774002075e-02
-1.859401464462280273e-01
1.205079630017280579e-02
8.101146668195724487e-02
-7.850563526153564453e-02
-9.915045648813247681e-02
-3.489843802526593208e-03
-9.279312938451766968e-02
1.304242610931396484e-01
-5.837751179933547974e-02
-4.961369559168815613e-02
-1.047185882925987244e-01
-2.874110639095306396e-01
9.737218916416168213e-02
1.073586195707321167e-01
1.115064397454261780e-01
-5.704907178878784180e-01
-4.585617482662200928e-01
-4.057208076119422913e-02
1.159192919731140137e-01
2.113811112940311432e-02
-8.740984648466110229e-02
-1.165377870202064514e-01
-5.593100562691688538e-02
3.663048520684242249e-02
2.914041839540004730e-02
1.770536750555038452e-01
1.595506966114044189e-01
2.667988650500774384e-02
-4.209717363119125366e-02
8.346875011920928955e-02
2.087187767028808594e-02
1.224195212125778198e-02
1.096536144614219666e-01
1.148626953363418579e-01
1.349872350692749023e-02
5.919058248400688171e-02
-1.218939200043678284e-01
-9.053551405668258667e-02
-7.003037631511688232e-02
1.290591210126876831e-01
3.552022576332092285e-01
2.005543708801269531e-01
-1.021979674696922302e-01
7.919406518340110779e-03
1.213629767298698425e-01
7.685054838657379150e-02
1.555003821849822998e-01
-6.985712051391601562e-02
-4.481395334005355835e-02
9.934443049132823944e-03
6.258068233728408813e-02
1.425071656703948975e-01
-8.091118186712265015e-02
9.191213175654411316e-03
4.993321001529693604e-02
-5.181631073355674744e-02
1.993346810340881348e-01
-2.517019808292388916e-01
-5.312499776482582092e-02
-4.847725108265876770e-02
1.219942606985569000e-02
4.208649694919586182e-01
-1.391157954931259155e-01
-6.418544799089431763e-02
-1.474952884018421173e-02
1.538607925176620483e-01
-4.091317206621170044e-02
8.077984303236007690e-02
1.323375403881072998e-01
-3.441662713885307312e-02
-3.460618853569030762e-02
-1.939841508865356445e-01
-5.481079593300819397e-02
-6.716506183147430420e-02
4.935849085450172424e-02
8.330479264259338379e-02
-4.579219967126846313e-04
-9.065119177103042603e-02
1.790683530271053314e-02
1.118248626589775085e-01
-3.687862306833267212e-02
9.031131863594055176e-02
-9.091818332672119141e-02
1.599702835083007812e-01
4.099105671048164368e-02
-1.249499768018722534e-01
-1.644273102283477783e-01
-4.239174351096153259e-02
1.180485785007476807e-01
4.937784075736999512e-01
5.045512318611145020e-01
2.142156511545181274e-01
-6.067559868097305298e-02
2.760773710906505585e-02
7.460715621709823608e-02
-2.647126317024230957e-01
-1.123687997460365295e-01
-1.184776425361633301e-01
-1.256974879652261734e-02
-7.495003193616867065e-02
-7.147227227687835693e-02
-1.000702474266290665e-02
-3.053856827318668365e-02
-1.481512002646923065e-02
-8.579660952091217041e-02
-5.293340608477592468e-02
-2.255740575492382050e-03
1.775291860103607178e-01
1.467598527669906616e-01
-5.541171878576278687e-02
-9.114322811365127563e-02
-2.024935632944107056e-01
2.836694121360778809e-01
5.668079853057861328e-01
-6.436718255281448364e-02
-3.015176653861999512e-01
-1.233979943208396435e-03
3.218310698866844177e-02
3.559951186180114746e-01
1.563957780599594116e-01
-4.742742180824279785e-01
-2.806869447231292725e-01
-2.668501250445842743e-02
2.617779374122619629e-01
1.343116611242294312e-01
-2.990506887435913086e-01
-4.540680050849914551e-01
1.916908174753189087e-01
1.789745092391967773e-01
1.225271075963973999e-01
-2.521442808210849762e-02
-2.279979735612869263e-01
2.882760763168334961e-01
2.291864454746246338e-01
-1.697962172329425812e-02
-4.139035940170288086e-02
-3.599433302879333496e-01
-1.152761876583099365e-01
-8.017646074295043945e-01
-6.316373944282531738e-01
-1.152087673544883728e-01
1.323426216840744019e-01
-4.014624953269958496e-01
-9.632163047790527344e-01
-1.277029037475585938e+00
-7.511476278305053711e-01
-5.912456288933753967e-02
-3.511036336421966553e-01
-1.032925248146057129e+00
-1.084350109100341797e+00
-7.108950614929199219e-01
-1.489514410495758057e-01
-2.254097312688827515e-01
-6.493839621543884277e-01
-1.019042849540710449e+00
-6.912209987640380859e-01
-2.188312634825706482e-02
-3.200002908706665039e-01
-7.124333977699279785e-01
-3.098392486572265625e-01
-2.315834313631057739e-01
-1.554524898529052734e-01
-1.474984288215637207e-01
-2.349076271057128906e-01
-2.742978334426879883e-01
-2.002444565296173096e-01
-5.895276740193367004e-02
1.120074316859245300e-01
6.715990602970123291e-02
1.314608566462993622e-02
3.696808964014053345e-02
5.419375747442245483e-02
1.187378391623497009e-01
1.339756995439529419e-01
1.205056682229042053e-01
6.506444513797760010e-02
1.531938370317220688e-02
-9.397650137543678284e-03
1.713395118713378906e-01
1.699365079402923584e-01
2.021146118640899658e-01
1.426329463720321655e-01
6.757273524999618530e-02
2.095640152692794800e-01
3.356282711029052734e-01
1.781756579875946045e-01
9.794370085000991821e-02
-1.494611501693725586e-01
1.435228623449802399e-02
-9.056820720434188843e-02
-5.625735968351364136e-02
7.668368518352508545e-03
-2.060075849294662476e-01
1.601824462413787842e-01
1.199889034032821655e-01
2.500970149412751198e-03
-4.659951850771903992e-02
-9.355613961815834045e-03
1.298070102930068970e-01
-2.178535610437393188e-02
-1.663126498460769653e-01
3.027943894267082214e-02
-2.023459784686565399e-02
-2.192860655486583710e-02
-9.633676707744598389e-02
-1.423775590956211090e-02
9.678465873003005981e-02
-1.263922601938247681e-01
-1.891595721244812012e-01
-1.800551712512969971e-01
-1.708867549896240234e-01
2.066220156848430634e-02
1.116802617907524109e-01
3.000971116125583649e-02
-2.144563645124435425e-01
-4.569445550441741943e-01
-3.329100608825683594e-01
-9.848520159721374512e-02
7.433683425188064575e-02
-6.123964861035346985e-02
-1.237655654549598694e-01
-1.109002307057380676e-01
-7.836899161338806152e-02
-5.943993479013442993e-02
1.201180219650268555e-01
9.031960368156433105e-02
-9.287869930267333984e-02
-4.664322733879089355e-02
-3.940024971961975098e-02
4.845335334539413452e-02
1.492059528827667236e-01
1.270464062690734863e-01
1.702529564499855042e-02
1.282755583524703979e-01
1.843001842498779297e-01
2.223607301712036133e-01
1.332973986864089966e-01
-8.231668919324874878e-02
3.214147686958312988e-01
3.937890753149986267e-02
-1.865634322166442871e-01
-3.833613991737365723e-01
-2.677677012979984283e-02
2.222954481840133667e-01
1.264770179986953735e-01
1.276036649942398071e-01
8.514938503503799438e-02
5.572962108999490738e-03
2.583558559417724609e-01
2.701367437839508057e-01
1.945579051971435547e-01
1.841954141855239868e-01
9.220971912145614624e-02
1.997309923171997070e-01
1.818524748086929321e-01
2.243062406778335571e-01
1.970464177429676056e-02
-1.489538047462701797e-02
1.718344241380691528e-01
2.205878049135208130e-01
2.170587033033370972e-01
-4.741760715842247009e-02
-9.763133525848388672e-02
-3.628089278936386108e-02
9.655160829424858093e-03
-6.933111697435379028e-02
-1.466855704784393311e-01
-1.581244170665740967e-02
7.231922447681427002e-02
-6.398577988147735596e-02
-6.682848185300827026e-02
-5.110142007470130920e-02
7.509510219097137451e-02
4.009362310171127319e-02
1.381048411130905151e-01
8.379959315061569214e-02
-4.255188396200537682e-04
-2.627703361213207245e-02
1.098661944270133972e-01
2.023862600326538086e-01
3.175517544150352478e-02
1.269195973873138428e-01
-5.628481134772300720e-02
1.221430897712707520e-01
1.349232047796249390e-01
2.626825496554374695e-02
-1.363853812217712402e-01
-3.393439352512359619e-01
-4.032133221626281738e-01
-3.687805235385894775e-01
-1.593931466341018677e-01
5.536147207021713257e-02
-9.611167013645172119e-02
-1.164526417851448059e-01
-2.727420330047607422e-01
-1.929993480443954468e-01
7.453480362892150879e-02
-2.038336247205734253e-01
-4.414499402046203613e-01
-4.177208244800567627e-01
-2.343977391719818115e-01
-2.283134125173091888e-02
6.900364905595779419e-02
-2.773267924785614014e-01
-2.385783791542053223e-01
-3.041745908558368683e-02
2.852832376956939697e-01
2.671564817428588867e-01
4.586127400398254395e-02
-1.285344660282135010e-01
-1.159743294119834900e-01
1.259499639272689819e-01
-2.429486364126205444e-01
2.516510486602783203e-01
1.157467588782310486e-01
3.230798617005348206e-02
-1.307557821273803711e-01
-2.829137630760669708e-02
1.225780844688415527e-01
1.480021774768829346e-01
3.973602503538131714e-02
-1.328276693820953369e-01
-5.399303138256072998e-02
-7.598207145929336548e-02
9.128223359584808350e-02
9.896160662174224854e-02
-7.998030632734298706e-02
-2.400129139423370361e-01
-1.492607146501541138e-01
5.155903846025466919e-02
-6.609378755092620850e-02
-7.349127531051635742e-02
-1.546681523323059082e-01
-1.606985479593276978e-01
-1.027498096227645874e-01
-2.060871571302413940e-01
1.210147216916084290e-01
-2.203026860952377319e-01
-1.030378416180610657e-01
-2.240567952394485474e-01
-8.945544809103012085e-02
-3.831809759140014648e-02
2.197670489549636841e-01
-1.704642772674560547e-01
-2.991662919521331787e-01
-1.729966253042221069e-01
3.061667829751968384e-02
2.910610139369964600e-01
-1.167890280485153198e-01
-1.054070219397544861e-01
-1.568109840154647827e-01
5.644061416387557983e-02
2.328605651855468750e-01
1.869509816169738770e-01
5.910656973719596863e-02
9.415590018033981323e-02
1.116378456354141235e-01
5.059412121772766113e-01
3.839480280876159668e-01
1.660706549882888794e-01
2.311188578605651855e-01
2.625967860221862793e-01
2.696869969367980957e-01
-1.429234072566032410e-02
1.219227463006973267e-01
2.470230609178543091e-01
2.665193974971771240e-01
2.363093011081218719e-02
-1.214329525828361511e-01
1.936051994562149048e-01
1.562173664569854736e-01
4.351050779223442078e-02
-7.002613507211208344e-03
-8.902656286954879761e-02
1.389317959547042847e-01
1.112156659364700317e-01
4.247150942683219910e-02
7.298083975911140442e-03
3.541880100965499878e-02
3.310994431376457214e-02
9.812721051275730133e-03
-2.994422428309917450e-02
1.056284084916114807e-01
-1.782606393098831177e-01
-5.100284889340400696e-02
-4.283494874835014343e-02
-1.749737560749053955e-01
9.747558087110519409e-02
3.407421410083770752e-01
2.118789702653884888e-01
2.355485707521438599e-01
1.091041564941406250e-01
-1.509761158376932144e-02
2.089694887399673462e-01
1.809835582971572876e-01
2.084964215755462646e-01
-2.478710142895579338e-03
-1.242881268262863159e-01
-1.695059090852737427e-01
-4.707631655037403107e-03
3.063084557652473450e-02
-8.911673794500529766e-04
-2.622768282890319824e-01
-3.251639306545257568e-01
-1.951693594455718994e-01
-5.850475654006004333e-02
-1.483288705348968506e-01
-2.193999662995338440e-02
-3.902223408222198486e-01
-3.446889221668243408e-01
-2.028601318597793579e-01
-1.091111600399017334e-01
2.206276804208755493e-01
1.740343123674392700e-01
8.727077394723892212e-02
1.595990955829620361e-01
-3.820835147053003311e-03
9.191446751356124878e-02
-5.105118826031684875e-02
1.481157988309860229e-01
1.167865917086601257e-01
6.166648492217063904e-02
-2.225378900766372681e-01
-3.806964028626680374e-03
-3.764983266592025757e-03
1.634241789579391479e-01
1.556633622385561466e-03
-1.380321383476257324e-01
5.116343498229980469e-02
1.632912009954452515e-01
1.343282014131546021e-01
-1.193102523684501648e-01
-7.803786545991897583e-02
-2.373375594615936279e-01
-3.830444812774658203e-01
-5.516798496246337891e-01
-3.458695411682128906e-01
8.771846443414688110e-02
-1.933071017265319824e-01
9.273204207420349121e-02
1.205890476703643799e-01
4.329041391611099243e-02
-2.522430121898651123e-01
2.274986542761325836e-02
1.292032003402709961e-01
1.995911598205566406e-01
-1.868068277835845947e-01
-1.075616329908370972e-01
7.409807294607162476e-02
9.702974557876586914e-02
2.848751097917556763e-02
-1.186692863702774048e-01
-1.130181252956390381e-01
8.660712093114852905e-02
8.322076499462127686e-02
1.217729821801185608e-01
7.903990149497985840e-02
-2.234279811382293701e-01
-1.613881811499595642e-02
1.943515092134475708e-01
8.411597460508346558e-02
1.424650698900222778e-01
-7.234863191843032837e-02
2.378082126379013062e-01
2.834856808185577393e-01
1.136988103389739990e-01
-2.710544764995574951e-01
-4.838993400335311890e-02
4.690628126263618469e-02
6.193486973643302917e-02
-1.791964843869209290e-02
-8.983576297760009766e-02
-7.374670356512069702e-02
1.489198356866836548e-01
7.897121459245681763e-02
-9.350241720676422119e-02
-1.712040305137634277e-01
1.112997718155384064e-02
9.287261217832565308e-02
5.234768614172935486e-02
-7.114696502685546875e-02
-1.734524816274642944e-01
-4.012196511030197144e-02
-3.287713229656219482e-02
3.245471417903900146e-02
-2.478894442319869995e-01
-1.447220742702484131e-01
3.968802392482757568e-01
1.250272989273071289e-01
-8.156576007604598999e-02
-7.232844084501266479e-02
-7.828764617443084717e-02
3.380927070975303650e-02
-7.692307233810424805e-02
3.191422671079635620e-02
8.063062280416488647e-02
-1.021745800971984863e-01
2.442663349211215973e-02
7.911916077136993408e-02
-2.893720567226409912e-02
1.348110660910606384e-02
-1.221731230616569519e-01
1.248233690857887268e-01
-1.636182367801666260e-01
-5.495752021670341492e-02
9.854706376791000366e-02
1.271180212497711182e-01
-2.570705711841583252e-01
-7.344038039445877075e-02
1.245658621191978455e-01
2.010825574398040771e-01
1.081935167312622070e-01
-9.489549323916435242e-03
-3.768626153469085693e-01
-5.239843726158142090e-01
-4.884652793407440186e-02
3.586232662200927734e-01
-2.805469036102294922e-01
-3.998741507530212402e-01
-1.390918791294097900e-01
2.109512686729431152e-02
-3.374435380101203918e-02
-8.191040903329849243e-02
-3.564672768115997314e-01
4.116663709282875061e-02
1.538204103708267212e-01
1.001338437199592590e-01
-2.371581271290779114e-02
-1.710738427937030792e-02
5.119728669524192810e-02
6.778246164321899414e-02
-4.996354505419731140e-02
1.892207115888595581e-01
-5.645674839615821838e-02
-1.376693546772003174e-01
-4.090103134512901306e-02
-2.248072996735572815e-02
-2.973875403404235840e-01
-7.772316336631774902e-01
6.099633499979972839e-02
1.212577298283576965e-01
2.322793453931808472e-01
-5.473903417587280273e-01
-9.452597498893737793e-01
1.274377405643463135e-01
2.266183793544769287e-01
2.496249414980411530e-02
-8.627331852912902832e-01
-8.719403147697448730e-01
1.637448966503143311e-01
1.575663536787033081e-01
-4.264089092612266541e-02
-5.630192160606384277e-01
-5.652621388435363770e-01
7.946096360683441162e-03
-2.084473520517349243e-02
-4.111970588564872742e-02
-3.278356492519378662e-01
-2.890625298023223877e-01
-3.425409495830535889e-01
-1.347277909517288208e-01
-1.732102781534194946e-01
2.319006919860839844e-01
2.450135499238967896e-01
3.995720446109771729e-01
-8.497048169374465942e-02
-7.425504922866821289e-02
2.283113449811935425e-02
2.442091703414916992e-01
1.937910467386245728e-01
-3.009156584739685059e-01
-1.876485645771026611e-01
1.908386945724487305e-01
1.381267756223678589e-01
-1.224949583411216736e-02
-3.324841558933258057e-01
1.119158640503883362e-01
-1.670691370964050293e-02
-1.532250642776489258e-01
-1.239004433155059814e-01
-3.167570382356643677e-02
3.010040819644927979e-01
-7.335576415061950684e-02
-1.690207570791244507e-01
-1.169885173439979553e-01
1.845383495092391968e-01
2.004614174365997314e-01
-3.807354867458343506e-01
-9.738218784332275391e-02
1.469760388135910034e-01
5.150235071778297424e-02
1.497224718332290649e-01
-2.177126705646514893e-01
1.646863669157028198e-01
9.197115153074264526e-02
1.419212222099304199e-01
-1.160655245184898376e-01
-3.893499448895454407e-02
-2.284354902803897858e-02
-6.975088268518447876e-02
2.955224178731441498e-02
-1.141460835933685303e-01
1.454120427370071411e-01
-1.210347861051559448e-01
-5.973786488175392151e-02
3.257274627685546875e-02
5.733863264322280884e-02
-5.355784669518470764e-02
-2.437763512134552002e-01
-6.766005605459213257e-02
1.312096882611513138e-02
6.424327194690704346e-02
2.694019973278045654e-01
3.188826441764831543e-01
2.343350201845169067e-01
-1.371379941701889038e-01
-7.946978509426116943e-02
1.396692097187042236e-01
1.186752319335937500e-01
2.466105110943317413e-02
3.958551678806543350e-03
1.166194528341293335e-01
-1.747131906449794769e-02
-3.560799732804298401e-02
1.042201146483421326e-01
9.034184366464614868e-02
-2.383330464363098145e-02
-1.851840317249298096e-02
2.988857217133045197e-02
-7.649298012256622314e-02
2.243199013173580170e-02
1.402251049876213074e-02
2.145212516188621521e-02
-5.809324234724044800e-02
-4.044448435306549072e-01
-3.139221370220184326e-01
-2.655640244483947754e-02
4.153046756982803345e-02
1.413408946245908737e-02
7.679992914199829102e-02
-3.485601395368576050e-02
-6.578042358160018921e-02
5.286293476819992065e-02
2.161278389394283295e-02
-4.169295355677604675e-02
3.513208031654357910e-02
-5.146628245711326599e-02
-3.509210795164108276e-02
1.056534703820943832e-03
8.816015720367431641e-02
1.374560445547103882e-01
-4.376225546002388000e-02
1.181534156203269958e-01
-3.039620257914066315e-02
-5.313965305685997009e-02
-3.539769910275936127e-03
5.453606694936752319e-02
1.237172856926918030e-01
2.696277014911174774e-02
-2.692721597850322723e-02
2.342146933078765869e-01
9.806051850318908691e-02
1.187985166907310486e-01
1.726489067077636719e-01
1.902765631675720215e-01
9.157269378192722797e-04
-2.272341102361679077e-01
-8.180802315473556519e-02
3.115402534604072571e-02
1.831752061843872070e-01
1.445825099945068359e-01
1.792848296463489532e-02
-1.025420241057872772e-02
1.135044768452644348e-01
-7.017496973276138306e-02
-1.058925390243530273e-01
-6.929273158311843872e-02
7.503258436918258667e-02
-7.274702936410903931e-02
-1.857271939516067505e-01
-7.781004160642623901e-02
4.712248966097831726e-02
1.261448394507169724e-02
-2.738532721996307373e-01
-4.095135331153869629e-01
-3.466807007789611816e-01
-9.984866529703140259e-02
1.503558643162250519e-02
-6.102884188294410706e-02
-4.675341546535491943e-01
-7.801070213317871094e-01
-9.308269023895263672e-01
2.431389130651950836e-02
1.180902719497680664e-01
1.257681250572204590e-01
9.868454933166503906e-02
-5.481222867965698242e-01
9.696490317583084106e-02
-2.732598483562469482e-01
-6.103072762489318848e-01
-1.809168457984924316e-01
-3.240997493267059326e-01
-2.784189209342002869e-02
-5.190450549125671387e-01
-7.341390848159790039e-01
-1.329641938209533691e-01
-1.695733368396759033e-01
-2.453297525644302368e-01
-2.294256240129470825e-01
-5.760671496391296387e-01
-4.874285459518432617e-01
-2.358543723821640015e-01
3.165762722492218018e-01
2.943145930767059326e-01
1.382623612880706787e-01
-3.409691452980041504e-01
-4.846918284893035889e-01
1.248229518532752991e-01
1.168597340583801270e-01
3.857452273368835449e-01
1.118674967437982559e-02
-1.405626088380813599e-01
9.604965895414352417e-02
3.036484718322753906e-01
5.403752326965332031e-01
-3.383748829364776611e-01
-1.608122706413269043e+00
6.087297201156616211e-02
-1.936567761003971100e-02
-6.733551025390625000e-01
-1.617696285247802734e+00
-1.208104133605957031e+00
-5.235873628407716751e-03
1.211138442158699036e-02
-5.612109303474426270e-01
-1.053080335259437561e-01
-2.713515162467956543e-01
-2.029392123222351074e-01
1.156798750162124634e-01
3.682699427008628845e-02
-1.124419942498207092e-01
-1.139750927686691284e-01
-4.816773161292076111e-02
1.233759596943855286e-01
9.537460654973983765e-02
3.320715576410293579e-02
1.423049718141555786e-01
-1.439455151557922363e-01
9.959550201892852783e-02
7.055280357599258423e-02
-2.473790384829044342e-02
-6.627001613378524780e-02
-1.063399553298950195e+00
-1.291770339012145996e-01
3.275267034769058228e-02
-3.886009752750396729e-02
-2.797370962798595428e-02
-1.387447714805603027e+00
3.522126376628875732e-02
2.162377089262008667e-01
7.026410102844238281e-02
-2.258279025554656982e-01
4.651612937450408936e-01
1.036237627267837524e-01
-1.997633427381515503e-01
-7.092341035604476929e-02
5.138137564063072205e-02
2.159816585481166840e-02
-1.586990356445312500e-01
-1.472793985158205032e-03
1.424811780452728271e-01
5.369670316576957703e-02
1.777413636445999146e-01
-1.282795965671539307e-01
-5.090687423944473267e-02
7.645284384489059448e-02
1.409396296367049217e-03
2.830187976360321045e-01
-6.253296136856079102e-02
4.680109675973653793e-03
-1.395883504301309586e-02
7.282610516995191574e-03
2.652963101863861084e-01
-1.435168683528900146e-01
-1.227696016430854797e-01
5.629895627498626709e-02
2.267305366694927216e-02
-1.549709737300872803e-01
-1.114480271935462952e-01
-9.786988608539104462e-03
3.195593878626823425e-02
1.794599741697311401e-01
-4.700447022914886475e-01
3.387628123164176941e-02
3.013450186699628830e-03
-2.163931168615818024e-02
-5.823523551225662231e-02
-4.616615772247314453e-01
8.455413579940795898e-02
4.766938835382461548e-02
1.452645659446716309e-01
6.128565594553947449e-02
-4.309941828250885010e-01
-5.519541352987289429e-02
4.067234694957733154e-02
1.260211784392595291e-02
4.866246506571769714e-02
-3.311405181884765625e-01
1.499295085668563843e-01
6.261277943849563599e-02
1.045729871839284897e-02
6.049503386020660400e-02
-2.834773063659667969e-01
4.575155079364776611e-01
2.471459507942199707e-01
1.725280135869979858e-01
-5.022950097918510437e-02
-1.307685673236846924e-02
2.613842189311981201e-01
3.827792778611183167e-02
-1.808430850505828857e-01
-5.133073404431343079e-02
-3.954628407955169678e-01
-1.353740692138671875e-01
-6.226032972335815430e-02
-1.364380568265914917e-01
8.798729628324508667e-02
-6.069531664252281189e-02
7.935190200805664062e-02
-9.124805778264999390e-02
-1.705234944820404053e-01
4.197943583130836487e-02
9.170644916594028473e-03
2.186382561922073364e-01
5.353988334536552429e-02
-7.889719307422637939e-02
-5.389179289340972900e-02
3.303246796131134033e-01
2.400416135787963867e-01
2.886063754558563232e-01
5.994565412402153015e-02
6.384281069040298462e-02
-3.855763673782348633e-01
-2.228763401508331299e-01
-2.616453170776367188e-01
-7.278017401695251465e-01
-7.018944621086120605e-02
-5.230328999459743500e-03
-3.550917282700538635e-02
9.832028299570083618e-02
-3.706742823123931885e-02
4.678671061992645264e-02
7.190205156803131104e-02
1.125627085566520691e-01
-1.553956535644829273e-03
1.665764003992080688e-01
-1.571480929851531982e-02
1.315172016620635986e-01
3.622867912054061890e-02
-1.208964064717292786e-01
-1.143100485205650330e-02
-5.913322046399116516e-02
2.462516352534294128e-02
-4.908031523227691650e-01
-2.212145179510116577e-01
-2.158973366022109985e-01
-4.244064390659332275e-01
4.150795340538024902e-01
1.041758880019187927e-01
1.480130702257156372e-01
7.853797823190689087e-02
-5.782206542789936066e-03
1.253259479999542236e-01
-1.647609323263168335e-01
-4.096078872680664062e-02
2.497703209519386292e-02
-9.540947526693344116e-02
-6.934762746095657349e-02
-3.788230121135711670e-01
-3.649929538369178772e-02
-5.916725099086761475e-02
-3.135195672512054443e-01
2.859006226062774658e-01
-1.407373845577239990e-01
1.836702674627304077e-01
1.221545934677124023e-01
-7.803386449813842773e-02
1.114396974444389343e-01
2.431840449571609497e-01
3.459007441997528076e-01
2.847347557544708252e-01
3.118037879467010498e-01
-1.739285141229629517e-01
7.460895925760269165e-03
7.376735657453536987e-02
9.720533341169357300e-02
1.229756232351064682e-02
-1.098221167922019958e-01
3.092164918780326843e-02
5.980980023741722107e-02
3.876497736200690269e-03
3.398234844207763672e-01
-2.078755497932434082e-01
-6.654153019189834595e-02
-1.839248836040496826e-01
-9.417695552110671997e-02
2.583158612251281738e-01
-5.824620723724365234e-01
-7.637030631303787231e-02
3.854768574237823486e-01
1.789234131574630737e-01
2.551711797714233398e-01
1.975810527801513672e-01
4.300219938158988953e-03
-6.011125445365905762e-02
-7.207153737545013428e-02
-7.267655432224273682e-02
-1.100173220038414001e-02
-1.038095168769359589e-02
6.834416091442108154e-02
1.703039556741714478e-02
-4.383767489343881607e-03
-6.353257596492767334e-02
-2.363953553140163422e-02
9.285720437765121460e-02
1.070006936788558960e-01
8.090518414974212646e-02
-4.929749667644500732e-02
1.050406470894813538e-01
1.056240648031234741e-01
7.842978090047836304e-02
8.843201398849487305e-02
1.873390227556228638e-01
8.297412656247615814e-03
-1.949834376573562622e-01
-2.688978016376495361e-01
-1.944956928491592407e-01
-1.277048587799072266e-01
-8.726163208484649658e-02
1.218992322683334351e-01
9.768629819154739380e-02
5.357288569211959839e-02
-1.076279282569885254e-01
-9.276694059371948242e-02
7.987919449806213379e-02
-1.013415157794952393e-01
9.694727510213851929e-02
-2.814062237739562988e-01
-1.517045646905899048e-01
-4.238221049308776855e-02
3.200362324714660645e-01
6.885456293821334839e-02
-3.299153968691825867e-02
-5.625147838145494461e-03
2.746169082820415497e-02
7.516316324472427368e-02
2.664221636950969696e-02
-7.379373908042907715e-02
-6.280241068452596664e-04
-5.239699408411979675e-02
-7.774513959884643555e-02
-6.240183115005493164e-02
-1.586486697196960449e-01
1.845524460077285767e-01
1.105206161737442017e-01
-1.579117774963378906e-01
-2.158220112323760986e-01
-7.925359159708023071e-02
-1.244458556175231934e-01
-1.080550998449325562e-01
-3.899499028921127319e-02
5.254593491554260254e-02
-2.093860693275928497e-02
-4.710260778665542603e-02
-9.919350594282150269e-02
1.597947208210825920e-03
2.471855282783508301e-02
-1.414454579353332520e-01
-1.427108347415924072e-01
-2.082623727619647980e-02
8.317819237709045410e-02
-1.190690416842699051e-02
-1.012726575136184692e-01
6.596876680850982666e-02
-4.944197833538055420e-02
-3.294264606665819883e-04
-4.287185519933700562e-02
-5.732389166951179504e-03
-3.881291672587394714e-02
-2.840890884399414062e-01
-2.954590022563934326e-01
-8.535345643758773804e-02
-2.180912345647811890e-02
-6.248649209737777710e-03
4.101015161722898483e-03
-3.442388772964477539e-02
3.902026265859603882e-02
1.352578103542327881e-01
4.672940447926521301e-02
-5.778847262263298035e-03
1.208529546856880188e-01
3.850964084267616272e-02
1.338572353124618530e-01
1.204883754253387451e-01
1.455491408705711365e-02
6.086918711662292480e-02
-4.027863219380378723e-02
-8.867648243904113770e-02
-7.994328439235687256e-02
-7.869555801153182983e-02
-2.386719584465026855e-01
-2.350751310586929321e-01
-6.099376827478408813e-02
-1.671738326549530029e-01
-1.577559709548950195e-01
-3.546710908412933350e-01
-1.197889596223831177e-01
-1.075208112597465515e-01
3.254260867834091187e-02
1.456644982099533081e-01
1.760490387678146362e-01
3.709481060504913330e-01
7.940014451742172241e-02
6.276266276836395264e-02
2.267462462186813354e-01
9.875047206878662109e-02
-4.277406260371208191e-02
9.666404686868190765e-03
-1.984176486730575562e-01
-1.656819880008697510e-01
-9.966687858104705811e-02
1.408024579286575317e-01
-1.211310252547264099e-01
-2.883934974670410156e-01
4.188320133835077286e-03
4.291905164718627930e-01
7.612821459770202637e-01
2.346378415822982788e-01
1.702329069375991821e-01
-9.702267707325518131e-04
-1.954904347658157349e-01
2.528628706932067871e-01
5.338393896818161011e-02
3.788705542683601379e-02
-1.156273111701011658e-01
-5.925158038735389709e-03
1.390471756458282471e-01
-4.315433278679847717e-02
-2.214320302009582520e-01
-1.273347139358520508e-01
6.536872126162052155e-03
3.897579014301300049e-02
-1.820439696311950684e-01
-7.323079556226730347e-02
3.519613668322563171e-02
2.945237047970294952e-02
-1.364976763725280762e-01
-1.782580614089965820e-01
5.668926611542701721e-02
6.240689381957054138e-02
-1.322799734771251678e-02
-2.513705492019653320e-01
-2.025162279605865479e-01
-2.671157419681549072e-01
-4.240592718124389648e-01
-1.969036608934402466e-01
1.136269718408584595e-01
-2.156525291502475739e-02
-1.706562004983425140e-02
-8.934951573610305786e-02
-1.422928273677825928e-02
3.526269691064953804e-03
1.606991887092590332e-01
5.764546617865562439e-02
5.126394331455230713e-02
1.616071015596389771e-01
6.628865748643875122e-02
9.752923250198364258e-02
1.221963837742805481e-01
1.849758923053741455e-01
1.793181449174880981e-01
-2.795571647584438324e-02
9.437316656112670898e-02
6.980801932513713837e-03
-1.581720635294914246e-02
-1.966455392539501190e-02
1.559426542371511459e-02
1.700530052185058594e-01
2.230805158615112305e-01
2.737091779708862305e-01
2.357596904039382935e-01
3.279487416148185730e-02
5.454383324831724167e-03
1.334798336029052734e-02
1.854688823223114014e-01
1.266093403100967407e-01
1.172696426510810852e-01
-1.759702861309051514e-01
7.815424352884292603e-03
1.111311092972755432e-02
-7.611057162284851074e-02
-4.956579953432083130e-02
-1.039467304944992065e-01
-5.874675139784812927e-02
-7.075002044439315796e-02
-1.436021029949188232e-01
1.282168626785278320e-01
2.279258146882057190e-02
1.500024832785129547e-02
5.586711317300796509e-02
2.145525813102722168e-02
2.387404143810272217e-01
1.756055951118469238e-01
2.073581703007221222e-02
-5.266637308523058891e-04
-5.953733325004577637e-01
-5.710023045539855957e-01
1.968388557434082031e-01
1.049387007951736450e-01
2.232852950692176819e-02
-1.476973667740821838e-02
1.759683042764663696e-01
-4.277675598859786987e-02
-1.004933472722768784e-02
-1.069783195853233337e-01
-1.781432181596755981e-01
2.565450500696897507e-03
2.684851177036762238e-02
8.096463978290557861e-02
6.265948712825775146e-02
6.807657331228256226e-02
1.050015091896057129e-01
8.781559020280838013e-02
-9.537423029541969299e-03
-3.755913674831390381e-02
-2.450200915336608887e-02
5.550143867731094360e-02
-1.294733583927154541e-01
-5.981820225715637207e-01
-9.533736705780029297e-01
-8.104175925254821777e-01
-4.096153378486633301e-01
-1.842818707227706909e-01
-1.410436779260635376e-01
-1.913454681634902954e-01
-1.332289278507232666e-01
6.928042322397232056e-02
1.170540899038314819e-01
2.050965875387191772e-01
7.925970852375030518e-02
-8.994490653276443481e-02
-3.510407358407974243e-02
1.755460649728775024e-01
1.956217885017395020e-01
-1.986555606126785278e-01
8.390796370804309845e-03
1.414551734924316406e-01
1.209503635764122009e-01
-4.190019667148590088e-01
-1.581427603960037231e-01
7.689297944307327271e-02
7.711385190486907959e-02
-6.958752274513244629e-01
-2.800808250904083252e-01
7.125329226255416870e-02
2.514219880104064941e-01
8.548039942979812622e-02
-7.123072743415832520e-01
-3.771919608116149902e-01
-8.846884369850158691e-01
-5.706943273544311523e-01
-6.683346033096313477e-01
-1.929126232862472534e-01
2.196736335754394531e-01
-2.043513059616088867e-01
6.662230938673019409e-02
2.611040472984313965e-01
-3.319749236106872559e-01
-6.357815861701965332e-02
-6.373934149742126465e-01
-2.569160759449005127e-01
2.481675334274768829e-02
-4.754216372966766357e-01
1.860612779855728149e-01
-1.294706165790557861e-01
-1.857228428125381470e-01
-1.771592199802398682e-01
-2.466087937355041504e-01
-8.967181295156478882e-02
9.066964685916900635e-02
8.325313031673431396e-02
2.183298021554946899e-01
-3.732518851757049561e-01
1.441494524478912354e-01
2.030973434448242188e-01
-3.707036748528480530e-02
3.465975448489189148e-02
-3.203682303428649902e-01
2.251575887203216553e-01
1.782417148351669312e-01
4.922087490558624268e-02
-1.029502898454666138e-01
-2.372712939977645874e-01
4.324835911393165588e-02
-4.545296356081962585e-02
-6.625225394964218140e-02
-1.071817874908447266e-01
-1.555193662643432617e-01
-2.368201762437820435e-01
-1.655518263578414917e-01
-2.520170807838439941e-01
-1.601548343896865845e-01
2.442809790372848511e-01
1.165215019136667252e-02
6.782890856266021729e-02
3.332090079784393311e-01
3.181058168411254883e-01
-1.518295612186193466e-02
-1.071757897734642029e-01
-6.954149156808853149e-02
-1.565848737955093384e-01
7.289667427539825439e-02
-1.201350167393684387e-01
-1.087603904306888580e-02
-1.321469694375991821e-01
3.568831458687782288e-02
1.417081803083419800e-01
9.018741548061370850e-03
1.999803259968757629e-02
3.979411348700523376e-02
1.378371659666299820e-02
-7.482939213514328003e-02
-1.802388578653335571e-02
7.886511832475662231e-02
-7.146596908569335938e-02
4.018240142613649368e-03
-4.941080138087272644e-02
2.567189037799835205e-01
1.811105310916900635e-01
1.956588774919509888e-01
-5.125625990331172943e-03
8.360635489225387573e-02
1.041268184781074524e-01
7.106833159923553467e-02
1.301843374967575073e-01
-1.266566663980484009e-01
6.538596004247665405e-02
-2.240336686372756958e-01
1.835865378379821777e-01
1.120791435241699219e-01
-2.323299050331115723e-01
-3.545562028884887695e-01
-9.628926217555999756e-02
2.721816301345825195e-01
2.673907950520515442e-02
-7.457484006881713867e-01
-5.873532295227050781e-01
-1.688701361417770386e-01
1.333853453397750854e-01
-8.546699583530426025e-02
-5.275265574455261230e-01
-7.453374862670898438e-01
3.748620152473449707e-01
3.549766838550567627e-01
-1.707759499549865723e-02
-2.917249202728271484e-01
-3.059744834899902344e-02
1.149158254265785217e-01
9.621088206768035889e-02
-7.123120129108428955e-03
-8.196983486413955688e-03
2.850503101944923401e-02
-4.766843467950820923e-02
-2.750476598739624023e-01
-9.015648066997528076e-02
2.016741782426834106e-02
9.615850448608398438e-02
-1.162149570882320404e-02
-3.461008369922637939e-01
-2.413445860147476196e-01
-5.580766871571540833e-02
5.449122190475463867e-02
-1.201114803552627563e-01
1.788791455328464508e-02
-5.644253920763731003e-03
9.914227575063705444e-02
1.202781870961189270e-01
3.757153749465942383e-01
8.610001206398010254e-02
3.311220929026603699e-02
-1.106322482228279114e-01
2.679289281368255615e-01
2.089774608612060547e-01
-1.316210776567459106e-01
2.886142954230308533e-02
-3.146150615066289902e-03
2.488217055797576904e-01
-9.165509790182113647e-02
-7.222981005907058716e-02
4.912871122360229492e-02
7.110542804002761841e-02
2.167147547006607056e-01
4.136749729514122009e-02
9.768284112215042114e-02
-5.104922503232955933e-02
9.844610095024108887e-02
1.362525224685668945e-01
1.421690434217453003e-01
2.168982475996017456e-01
7.314588874578475952e-02
1.017671301960945129e-01
1.534334868192672729e-01
2.077980488538742065e-01
1.168442592024803162e-01
-1.881959438323974609e-01
1.226753443479537964e-01
-8.749376982450485229e-03
-9.639731608331203461e-03
-1.645578593015670776e-01
-4.990650415420532227e-01
-1.813933849334716797e-01
-1.740283519029617310e-01
-8.105894178152084351e-02
-2.314466387033462524e-01
-6.694539785385131836e-01
-3.843593001365661621e-01
-5.057575702667236328e-01
-1.012747362256050110e-01
-2.689833343029022217e-01
-7.969567179679870605e-01
-7.826895713806152344e-01
-4.535778164863586426e-01
4.945638775825500488e-01
3.290602266788482666e-01
2.743324935436248779e-01
-1.618566811084747314e-01
-7.027485966682434082e-02
3.973655775189399719e-02
-2.848057076334953308e-02
-2.589109167456626892e-02
1.751066185534000397e-02
7.259878516197204590e-02
8.947412483394145966e-03
1.566667556762695312e-01
1.540232449769973755e-01
5.773562937974929810e-02
-1.810144633054733276e-01
-2.631885707378387451e-01
7.252772152423858643e-02
1.820412427186965942e-01
1.164767146110534668e-01
3.302476927638053894e-02
-1.227070689201354980e-01
-3.836108744144439697e-02
-3.277881070971488953e-02
8.582058548927307129e-02
2.670637331902980804e-02
-1.013754382729530334e-01
-1.223585084080696106e-01
-1.099833697080612183e-01
1.049382537603378296e-01
2.373553514480590820e-01
1.069657877087593079e-01
3.906557857990264893e-01
3.823330402374267578e-01
1.961151659488677979e-01
2.038948237895965576e-01
4.616988450288772583e-02
7.050864398479461670e-02
-1.692864134383853525e-05
-3.808097168803215027e-02
2.610360737890005112e-03
-3.352572023868560791e-01
-1.031703874468803406e-01
-1.161041557788848877e-01
-1.392928361892700195e-01
-7.131013274192810059e-02
-8.527528643608093262e-01
-7.013112306594848633e-01
-2.806633710861206055e-01
8.978535979986190796e-02
7.763708475977182388e-03
-1.348007321357727051e+00
-1.359078168869018555e+00
-3.744782209396362305e-01
9.665258973836898804e-02
2.765584588050842285e-01
-1.740572415292263031e-02
-5.873780697584152222e-02
-4.565778747200965881e-02
-7.384121417999267578e-02
-7.821920514106750488e-02
-6.348522007465362549e-02
5.707212910056114197e-02
1.105606034398078918e-01
3.959048166871070862e-02
1.709853410720825195e-01
-1.317493468523025513e-01
1.688629239797592163e-01
1.337479054927825928e-01
-6.916308403015136719e-02
1.258151046931743622e-02
-1.575745791196823120e-01
1.098763570189476013e-01
1.254346370697021484e-01
2.276493795216083527e-02
2.954149059951305389e-02
-1.199443191289901733e-01
3.401436284184455872e-02
1.446717083454132080e-01
-2.687273733317852020e-02
-1.908979415893554688e-01
1.068717464804649353e-01
-3.854539692401885986e-01
-9.014953672885894775e-02
9.647729457356035709e-04
-7.661788165569305420e-02
1.568673178553581238e-03
8.213230222463607788e-02
9.604516625404357910e-02
1.691847294569015503e-01
1.257946789264678955e-01
1.579521107487380505e-03
-1.602641642093658447e-01
-9.651909023523330688e-02
-1.102374494075775146e-01
-4.802187532186508179e-02
-3.187869489192962646e-02
-3.575810790061950684e-01
3.266891837120056152e-02
-1.084319502115249634e-02
-7.387274672510102391e-05
-2.736041247844696045e-01
-5.553923249244689941e-01
-1.841507405042648315e-01
-2.579964138567447662e-02
6.506501883268356323e-02
1.122638396918773651e-02
3.802422434091567993e-02
1.688043959438800812e-02
2.850109338760375977e-01
2.255131304264068604e-01
1.910942490212619305e-03
2.619621455669403076e-01
1.295068860054016113e-01
7.128953933715820312e-02
3.444962203502655029e-02
-1.487140506505966187e-01
6.267200410366058350e-02
1.342910807579755783e-02
-7.737430185079574585e-02
5.379455909132957458e-02
8.426614850759506226e-02
7.190966606140136719e-02
2.645311355590820312e-01
-1.266694813966751099e-01
1.748383417725563049e-02
1.172922775149345398e-01
-4.090756922960281372e-02
2.330708801746368408e-01
9.554438292980194092e-03
6.194176152348518372e-02
1.103428155183792114e-01
4.172088205814361572e-01
1.879929006099700928e-01
-7.556778192520141602e-02
1.419691741466522217e-01
-4.723846539855003357e-02
-5.315868649631738663e-03
-1.635526865720748901e-01
-2.210358381271362305e-01
-2.416673749685287476e-01
4.331842437386512756e-02
-7.031188160181045532e-02
-8.617451786994934082e-02
-2.492595836520195007e-02
-6.329752504825592041e-02
-6.949739903211593628e-02
-1.857948154211044312e-01
-8.114077895879745483e-02
3.942061215639114380e-02
6.627622246742248535e-02
-7.183131575584411621e-02
-1.657433807849884033e-01
-5.322780460119247437e-02
7.602918148040771484e-02
2.348687648773193359e-01
1.225571781396865845e-01
7.932364940643310547e-02
-4.150232300162315369e-02
-5.860395729541778564e-03
3.725008293986320496e-02
1.875779964029788971e-02
-2.965624816715717316e-02
-1.018207073211669922e-01
9.543317556381225586e-02
4.296132829040288925e-03
-5.448579043149948120e-02
-6.337353587150573730e-02
-1.024884954094886780e-01
4.904995113611221313e-02
-1.380959898233413696e-01
-4.782824963331222534e-02
-7.627733796834945679e-02
2.961471863090991974e-02
4.676876962184906006e-02
-1.446613520383834839e-01
1.017498895525932312e-01
2.235464304685592651e-01
2.415313571691513062e-01
5.750137940049171448e-02
-3.884595334529876709e-01
9.001632779836654663e-02
4.462710767984390259e-02
-4.504181444644927979e-02
9.133365005254745483e-02
-5.201634019613265991e-02
-2.420837059617042542e-02
4.952939692884683609e-03
2.323619276285171509e-02
-3.132565470878034830e-04
-1.553642284125089645e-02
1.624396443367004395e-02
5.101414397358894348e-02
-2.764453552663326263e-02
-2.182506956160068512e-02
-4.940583184361457825e-02
4.703942313790321350e-02
-6.923263520002365112e-02
-5.144856870174407959e-02
-8.096403628587722778e-02
-1.040690466761589050e-01
2.761417813599109650e-02
-3.008084185421466827e-02
-3.568574413657188416e-02
6.409648656845092773e-01
1.041570425033569336e+00
3.961820527911186218e-02
-7.928317785263061523e-02
6.723874062299728394e-02
3.915036469697952271e-02
-9.710777550935745239e-02
1.423358172178268433e-02
-2.702549844980239868e-02
5.824468098580837250e-03
7.014764845371246338e-02
-2.316711284220218658e-02
6.433159857988357544e-02
-3.694382682442665100e-02
-9.568977355957031250e-02
1.708074286580085754e-02
1.743525825440883636e-02
6.271138042211532593e-02
6.694822758436203003e-02
-7.127312570810317993e-02
5.382063612341880798e-02
-4.436364024877548218e-02
1.510075479745864868e-01
1.987420022487640381e-01
-2.063973806798458099e-02
-1.627287119626998901e-01
-1.728158444166183472e-02
-1.729371547698974609e-01
-2.295146323740482330e-02
9.371582418680191040e-02
1.801321282982826233e-02
-4.869011417031288147e-02
3.799089416861534119e-02
1.643895637243986130e-03
1.055159345269203186e-01
1.463426277041435242e-02
1.424291878938674927e-01
-5.540348123759031296e-03
1.830913312733173370e-02
6.569919735193252563e-02
6.602331995964050293e-02
1.831448450684547424e-02
-8.817964792251586914e-02
2.037665620446205139e-02
4.206646699458360672e-03
-6.967488676309585571e-02
-1.805172413587570190e-01
-3.384240865707397461e-01
-8.864884078502655029e-02
-8.518541604280471802e-02
-2.327232658863067627e-01
2.025852650403976440e-01
8.246959000825881958e-02
-3.477419540286064148e-02
-2.176590077579021454e-02
-6.175288185477256775e-02
-3.882277607917785645e-01
1.595507375895977020e-03
7.918465882539749146e-02
8.516129106283187866e-02
-8.201979100704193115e-02
-1.556687802076339722e-01
-8.181155472993850708e-02
-5.947759002447128296e-02
-9.468342363834381104e-02
-1.444315016269683838e-01
-9.607598930597305298e-02
-1.356599200516939163e-02
-1.437104940414428711e-01
-2.395411878824234009e-01
-1.463500503450632095e-02
-1.452126652002334595e-01
-3.701601922512054443e-02
1.566306501626968384e-02
-7.777506858110427856e-02
2.054059803485870361e-01
-1.771924644708633423e-01
4.535413160920143127e-02
1.012488380074501038e-01
1.646384298801422119e-01
4.393330514430999756e-01
1.958783864974975586e-01
2.055940777063369751e-02
4.505828395485877991e-02
5.904312431812286377e-02
-3.832751512527465820e-02
-2.939838469028472900e-01
-1.051530316472053528e-01
-9.982112050056457520e-02
-2.098301202058792114e-01
6.832322478294372559e-02
-2.647855281829833984e-01
-5.960024520754814148e-02
-1.929507404565811157e-02
9.730952233076095581e-02
2.000991553068161011e-01
-1.629175245761871338e-01
5.837353528477251530e-04
1.567330509424209595e-01
7.254874706268310547e-02
2.414459586143493652e-01
-1.950329989194869995e-01
