1.611703485250473022e-01
1.913235783576965332e-01
3.077886067330837250e-02
3.800621256232261658e-02
1.792702376842498779e-01
8.954844623804092407e-02
1.211845651268959045e-01
1.983696073293685913e-01
2.626358866691589355e-01
9.056800603866577148e-02
-3.400191068649291992e-01
-2.434709370136260986e-01
1.635935157537460327e-01
3.403691947460174561e-01
1.598812639713287354e-01
1.501779258251190186e-01
5.709420517086982727e-02
-1.306792795658111572e-01
-1.597960889339447021e-01
-2.957472503185272217e-01
6.816238164901733398e-02
-7.940798997879028320e-02
-2.645662128925323486e-01
-4.701210260391235352e-01
-2.360389381647109985e-01
7.490755617618560791e-02
-1.491422299295663834e-02
-4.004625678062438965e-01
3.184362053871154785e-01
6.998367607593536377e-02
-7.464462518692016602e-02
6.121256854385137558e-03
-5.063965916633605957e-01
4.509053826332092285e-01
1.390567570924758911e-01
4.005560278892517090e-02
-1.637781113386154175e-01
-3.652749955654144287e-01
5.080774426460266113e-01
-2.482037246227264404e-02
8.494002372026443481e-02
-2.427445799112319946e-01
-2.807027101516723633e-01
5.584846138954162598e-01
-1.364021599292755127e-01
-9.826847910881042480e-02
-2.312176162376999855e-03
-5.039505958557128906e-01
6.753829717636108398e-01
-8.000267297029495239e-02
-1.865775696933269501e-02
-1.010414287447929382e-01
-1.750280559062957764e-01
-5.403642654418945312e-01
-5.314447879791259766e-01
7.877735048532485962e-02
1.884891651570796967e-02
1.552626024931669235e-02
-3.431526711210608482e-04
-5.107969790697097778e-02
-5.428403243422508240e-02
-1.333545595407485962e-01
-5.992635712027549744e-02
2.347741723060607910e-01
1.266924664378166199e-02
7.511582970619201660e-02
-1.492665261030197144e-01
1.550798416137695312e-01
3.266128301620483398e-01
1.032604873180389404e-01
-4.753397032618522644e-02
3.877085447311401367e-01
-2.640265226364135742e-02
9.876680374145507812e-02
3.588773012161254883e-01
3.001941442489624023e-01
1.816577315330505371e-01
-5.107496380805969238e-01
-5.052810302004218102e-04
-2.893544733524322510e-01
4.765408635139465332e-01
-1.398034393787384033e-02
-2.409636378288269043e-01
7.168600708246231079e-02
-1.377185285091400146e-01
3.759093880653381348e-01
-2.422391623258590698e-01
-3.337835893034934998e-02
-1.319045424461364746e-01
2.120443284511566162e-01
2.396589070558547974e-01
-8.777242153882980347e-02
-2.360175848007202148e-01
4.026174172759056091e-02
2.070637941360473633e-01
2.233005613088607788e-01
-1.930471807718276978e-01
-2.671014368534088135e-01
1.888580769300460815e-01
7.384142279624938965e-02
6.654011458158493042e-02
-3.368959575891494751e-02
-3.003231287002563477e-01
-4.573883712291717529e-01
4.147135615348815918e-01
2.629943788051605225e-01
1.197982951998710632e-01
-1.366169154644012451e-01
-4.904945194721221924e-01
4.054515063762664795e-02
9.604097157716751099e-02
-7.880814373493194580e-02
2.230140715837478638e-01
-3.519487679004669189e-01
-1.317312866449356079e-01
-9.298227727413177490e-02
1.947287619113922119e-01
2.257565855979919434e-01
-1.437459439039230347e-01
-1.036700382828712463e-01
-4.843048378825187683e-02
1.331868320703506470e-01
2.944392524659633636e-02
-5.245037004351615906e-02
-1.747414916753768921e-01
3.823258355259895325e-02
1.345206703990697861e-02
2.036596834659576416e-02
-1.777760088443756104e-01
-1.770667359232902527e-02
9.914688020944595337e-02
1.171106919646263123e-01
-1.641523838043212891e-02
-5.095679685473442078e-02
2.080445550382137299e-02
2.281314730644226074e-01
-3.356045186519622803e-01
-1.617179363965988159e-01
-1.110688745975494385e-01
1.181181594729423523e-01
-3.510500490665435791e-01
-8.221272230148315430e-01
-2.338775396347045898e-01
6.457381695508956909e-02
9.458215534687042236e-02
-2.413722723722457886e-01
-4.906448721885681152e-01
4.585252329707145691e-02
-3.863062709569931030e-02
9.458320587873458862e-02
