-2.054902017116546631e-01
-1.364707108587026596e-02
1.776117831468582153e-01
1.142801530659198761e-02
-1.464639753103256226e-01
-6.605800986289978027e-02
1.688362509012222290e-01
1.854454576969146729e-01
2.419378757476806641e-01
2.596167325973510742e-01
1.315286755561828613e-01
-2.886026203632354736e-01
-2.811284363269805908e-01
5.084675177931785583e-02
-2.821687795221805573e-02
-3.960187435150146484e-01
-2.258079648017883301e-01
6.802793592214584351e-02
-1.778953969478607178e-01
-3.300948143005371094e-01
1.336515396833419800e-01
2.134376019239425659e-02
1.204648390412330627e-01
-3.457083106040954590e-01
-4.286077022552490234e-01
3.687727749347686768e-01
1.820252239704132080e-01
1.650895625352859497e-01
-2.376500964164733887e-01
3.090632259845733643e-01
-1.992588192224502563e-01
2.681973874568939209e-01
-3.916430771350860596e-01
9.099361300468444824e-02
-2.340605258941650391e-01
-3.811454400420188904e-03
-1.001864671707153320e-02
1.037460044026374817e-01
2.465198189020156860e-02
-3.237535953521728516e-01
1.911066845059394836e-02
-3.036209046840667725e-01
-1.456974297761917114e-01
-1.330730020999908447e-01
-1.446101814508438110e-01
9.309680759906768799e-02
2.528887474909424782e-03
-8.015464991331100464e-02
-4.320242106914520264e-01
6.106762960553169250e-02
-1.883560121059417725e-01
7.284569740295410156e-02
2.769249081611633301e-01
-3.332955017685890198e-02
8.394626528024673462e-02
-2.173283398151397705e-01
-1.493261754512786865e-01
1.097238715738058090e-02
-7.812755554914474487e-02
7.131560146808624268e-02
-8.400148898363113403e-02
3.995082080364227295e-01
-3.546797856688499451e-02
-2.877652943134307861e-01
-2.982621453702449799e-02
1.199582070112228394e-01
-2.370254546403884888e-01
2.996084094047546387e-01
9.255726635456085205e-02
2.789490520954132080e-01
1.299364119768142700e-01
3.574727103114128113e-02
-1.275987327098846436e-01
-2.701330482959747314e-01
1.959881000220775604e-02
-3.118213713169097900e-01
3.124254569411277771e-02
1.737619042396545410e-01
-4.498968645930290222e-02
-1.708678454160690308e-01
8.422349393367767334e-02
-1.929521560668945312e-01
-1.496196091175079346e-01
-4.976094141602516174e-02
5.220541954040527344e-01
-1.612747460603713989e-01
-1.494418680667877197e-01
2.760659158229827881e-01
-1.775399893522262573e-01
1.247075349092483521e-01
-3.322349190711975098e-01
-2.025892734527587891e-01
2.482582479715347290e-01
-6.769282370805740356e-02
-1.694745123386383057e-01
-5.834006518125534058e-02
1.977344602346420288e-01
1.391336172819137573e-01
4.644813537597656250e-01
-4.672309756278991699e-01
1.408107876777648926e-01
6.700658202171325684e-01
-2.258023172616958618e-01
2.038670331239700317e-01
-7.410777360200881958e-02
-2.240129858255386353e-01
-9.857496619224548340e-02
2.212427556514739990e-02
1.006319671869277954e-01
-2.834292687475681305e-02
-7.786811143159866333e-02
-2.164098471403121948e-01
-2.794654071331024170e-01
2.448287606239318848e-02
-2.205463796854019165e-01
-1.798316836357116699e-01
2.200369685888290405e-01
-4.033002257347106934e-02
-5.979673191905021667e-02
3.290361166000366211e-01
