-7.742620259523391724e-02
1.541859358549118042e-01
1.473150402307510376e-01
-1.621961444616317749e-01
9.548631310462951660e-02
3.623938187956809998e-02
1.571862250566482544e-01
-1.000179797410964966e-01
-1.944537833333015442e-02
3.210839927196502686e-01
6.598005443811416626e-02
7.729963213205337524e-02
4.328496754169464111e-01
-1.924449056386947632e-01
-1.635286062955856323e-01
-2.722568251192569733e-02
-8.773607015609741211e-02
1.686540544033050537e-01
3.849634528160095215e-01
6.398965488187968731e-04
2.530248463153839111e-01
2.950416505336761475e-01
1.927611976861953735e-01
1.544811874628067017e-01
-1.552550643682479858e-01
1.678713411092758179e-01
2.065122872591018677e-01
2.624070942401885986e-01
3.082136809825897217e-01
2.124952226877212524e-01
9.470452368259429932e-02
-2.105126157402992249e-02
-6.406638026237487793e-02
3.174097537994384766e-01
1.671073287725448608e-01
6.933260709047317505e-02
1.855689845979213715e-02
-2.529946342110633850e-02
6.385816633701324463e-02
5.676475539803504944e-02
-4.827947542071342468e-02
1.011842191219329834e-01
-1.521487627178430557e-02
8.484202623367309570e-02
2.720744907855987549e-01
4.446553066372871399e-02
6.112380698323249817e-02
-1.088974718004465103e-02
1.626395136117935181e-01
1.564506441354751587e-01
1.919141858816146851e-01
2.396882772445678711e-01
2.129928469657897949e-01
3.913055360317230225e-01
9.409200400114059448e-02
-4.788013100624084473e-01
1.715085953474044800e-01
1.211144626140594482e-01
1.154364924877882004e-02
2.316482216119766235e-01
1.337660998106002808e-01
2.365425825119018555e-01
8.388885110616683960e-02
7.235833257436752319e-02
1.267418861389160156e-01
-6.399714946746826172e-02
1.151846349239349365e-01
2.192521654069423676e-02
2.338426001369953156e-02
2.918678522109985352e-01
2.137443125247955322e-01
-5.100823938846588135e-02
6.017539650201797485e-03
1.035245656967163086e-01
5.966240540146827698e-02
2.956863939762115479e-01
1.766215860843658447e-01
1.940852403640747070e-01
4.420985281467437744e-01
-1.237121969461441040e-01
-1.774173416197299957e-02
2.098714560270309448e-01
-1.383693963289260864e-01
9.630063921213150024e-02
