-7.978737354278564453e-01
-1.198870595544576645e-02
-3.269251883029937744e-01
5.479736328125000000e-01
2.710625343024730682e-02
2.779632210731506348e-01
3.538370430469512939e-01
-1.958353817462921143e-01
2.631204128265380859e-01
-3.398600965738296509e-02
3.473534882068634033e-01
1.422288715839385986e-01
1.969218403100967407e-01
1.180484890937805176e-02
1.107710972428321838e-01
2.711473405361175537e-01
3.794002160429954529e-02
-4.383825361728668213e-01
-2.919574081897735596e-01
1.948681324720382690e-01
6.018750742077827454e-02
1.772547215223312378e-01
1.320866942405700684e-01
-7.828821539878845215e-01
2.932334542274475098e-01
-2.523534893989562988e-01
-5.864930748939514160e-01
2.563080787658691406e-01
6.266587227582931519e-02
-1.105348840355873108e-01
-9.893192350864410400e-02
1.141192167997360229e-01
-3.730565607547760010e-01
5.461079478263854980e-01
-6.137000918388366699e-01
1.820371747016906738e-01
1.628271043300628662e-01
5.503289103507995605e-01
2.475369572639465332e-01
-4.688053727149963379e-01
-8.605888113379478455e-03
-6.930181384086608887e-01
-3.039954900741577148e-01
2.153222821652889252e-02
-4.637723565101623535e-01
3.546202480792999268e-01
4.324560239911079407e-02
-4.240836501121520996e-01
2.724126279354095459e-01
5.928726196289062500e-01
2.410717904567718506e-01
3.233807086944580078e-01
-2.795133180916309357e-02
5.234835743904113770e-01
-5.329009294509887695e-01
1.041164278984069824e+00
3.480243384838104248e-01
1.418803483247756958e-01
-3.368389904499053955e-01
3.970410674810409546e-02
-5.130887031555175781e-01
5.488237142562866211e-01
-6.481347233057022095e-02
2.305221185088157654e-02
8.460387587547302246e-02
2.573522925376892090e-01
-7.909018993377685547e-01
-2.557400986552238464e-02
-3.200221061706542969e-01
-4.718253910541534424e-01
2.152260094881057739e-01
-5.375058203935623169e-02
4.070849716663360596e-01
5.740571022033691406e-02
-2.716938257217407227e-01
2.429916113615036011e-01
-6.979367136955261230e-01
2.219689041376113892e-01
-5.672482848167419434e-01
1.125424876809120178e-01
-1.254804283380508423e-01
6.173115596175193787e-02
-3.611689805984497070e-01
-1.092325598001480103e-01
-3.953508138656616211e-01
-1.134376414120197296e-02
1.647850722074508667e-01
5.672382712364196777e-01
2.678179442882537842e-01
3.084374070167541504e-01
-4.351011812686920166e-01
-4.458111152052879333e-02
1.943678110837936401e-01
5.450863838195800781e-01
2.221732288599014282e-01
1.647126376628875732e-01
-5.467195510864257812e-01
4.998047649860382080e-01
2.631269395351409912e-01
-7.895385026931762695e-01
3.379690945148468018e-01
2.544273436069488525e-01
1.553482115268707275e-01
-1.530627906322479248e-01
3.675966560840606689e-01
-6.014421582221984863e-01
4.419285058975219727e-01
3.687011301517486572e-01
5.850815027952194214e-02
-7.581096291542053223e-01
4.139507412910461426e-01
1.924128234386444092e-01
2.497952282428741455e-01
9.712549448013305664e-01
-4.899601638317108154e-01
3.665106296539306641e-01
2.971681356430053711e-01
-1.006577983498573303e-01
-1.688546985387802124e-01
-1.407741189002990723e+00
4.015741944313049316e-01
2.632806003093719482e-01
7.540738442912697792e-04
1.951032727956771851e-01
-2.367520481348037720e-01
2.601899802684783936e-01
2.028970122337341309e-01
6.749995052814483643e-02
1.113737463951110840e+00
6.723403930664062500e-02
1.047379299998283386e-01
1.689065396785736084e-01
2.121031582355499268e-01
5.342413857579231262e-02
-5.484218150377273560e-02
-3.698696196079254150e-01
1.460839509963989258e-01
-6.602185312658548355e-03
-7.360770702362060547e-01
-3.421328067779541016e-01
-6.705631017684936523e-01
1.605627089738845825e-01
-3.399751782417297363e-01
-2.785362303256988525e-01
6.033748984336853027e-01
-2.657882571220397949e-01
2.668331265449523926e-01
-3.171362280845642090e-01
-1.652985662221908569e-01
2.317002564668655396e-01
-3.586779236793518066e-01
-4.217027425765991211e-01
1.035477072000503540e-01
-1.128832697868347168e-01
-9.362886548042297363e-01
-1.818343997001647949e-01
1.520613580942153931e-01
3.554264903068542480e-01
-2.410113662481307983e-01
2.838436067104339600e-01
5.131483674049377441e-01
-8.295032382011413574e-01
-7.717478871345520020e-01
-8.774004876613616943e-03
2.474644780158996582e-01
1.626073867082595825e-01
-3.573978245258331299e-01
-1.037028431892395020e-01
-2.819560468196868896e-01
-4.535977244377136230e-01
-2.332930080592632294e-02
9.681478142738342285e-02
6.891422718763351440e-02
-1.028150916099548340e-01
-3.652114570140838623e-01
-6.620644927024841309e-01
7.841750979423522949e-02
2.803937196731567383e-01
4.696404337882995605e-01
8.751476556062698364e-02
8.464276790618896484e-02
9.486449509859085083e-02
1.651108115911483765e-01
6.721317768096923828e-02
-1.053356900811195374e-01
6.713092923164367676e-01
-4.410656094551086426e-01
2.206863313913345337e-01
1.289964467287063599e-01
1.873514801263809204e-01
-7.681565284729003906e-01
5.839907005429267883e-02
1.774938553571701050e-01
-1.491490483283996582e+00
5.391959566622972488e-04
3.300867602229118347e-02
1.516563743352890015e-01
5.675269365310668945e-01
-4.845705330371856689e-01
-5.967800021171569824e-01
2.979424893856048584e-01
7.561566233634948730e-01
4.466130733489990234e-01
2.818946242332458496e-01
1.455861330032348633e-01
-9.280835092067718506e-02
-1.765523403882980347e-01
-1.121862009167671204e-01
2.526972889900207520e-01
2.299474552273750305e-02
-7.401742339134216309e-01
9.828098118305206299e-02
1.394659578800201416e-01
-3.983971476554870605e-01
1.581280827522277832e-01
-5.273051261901855469e-01
-7.168604135513305664e-01
-5.493620634078979492e-01
-2.942805886268615723e-01
2.396816909313201904e-01
-2.081332206726074219e-01
-2.834811210632324219e-01
-5.736057758331298828e-01
9.639475941658020020e-01
1.238103955984115601e-01
3.917328640818595886e-02
1.424871087074279785e-01
2.936337292194366455e-01
8.547130227088928223e-02
2.253828197717666626e-01
1.191673055291175842e-02
6.171763315796852112e-02
-1.157258674502372742e-01
4.525368213653564453e-01
8.326686918735504150e-03
-1.900996416807174683e-01
6.286721825599670410e-01
1.824093908071517944e-01
4.462924897670745850e-01
-6.925171017646789551e-01
-6.274782419204711914e-01
1.427170634269714355e-01
-3.544769287109375000e-01
3.856764733791351318e-02
1.234897002577781677e-01
-1.740677207708358765e-01
-6.016703844070434570e-01
-1.802191734313964844e-01
-5.120713710784912109e-01
-8.843641281127929688e-01
5.390697121620178223e-01
1.308428347110748291e-01
5.923150181770324707e-01
2.305656373500823975e-01
-3.013950884342193604e-01
1.748571693897247314e-01
-3.104011416435241699e-01
1.990203857421875000e-01
1.592185907065868378e-02
1.003941670060157776e-01
2.490373402833938599e-01
2.549060061573982239e-02
-2.141483500599861145e-02
2.359197884798049927e-01
2.615342438220977783e-01
2.835085429251194000e-02
2.047681212425231934e-01
3.348699212074279785e-02
9.851718693971633911e-02
-6.679302453994750977e-01
2.935370802879333496e-01
3.676832318305969238e-01
-2.625342272222042084e-02
-3.737933933734893799e-01
-3.655376136302947998e-01
-1.342980861663818359e-01
1.605062335729598999e-01
-3.467523753643035889e-01
-2.591074407100677490e-01
-1.808118820190429688e-01
2.890601456165313721e-01
2.519517838954925537e-01
3.226487934589385986e-01
-4.452762305736541748e-01
9.689115732908248901e-02
-7.167956978082656860e-02
-5.850633978843688965e-01
1.741728335618972778e-01
-1.362461447715759277e-01
2.451379597187042236e-01
2.683812379837036133e-01
3.671339750289916992e-01
-1.429960578680038452e-01
1.485505551099777222e-01
-3.404375165700912476e-03
1.606269627809524536e-01
2.442734837532043457e-01
-7.805029749870300293e-01
2.375510185956954956e-01
1.629039794206619263e-01
1.158745661377906799e-01
-8.682726621627807617e-01
1.051882430911064148e-01
4.497223198413848877e-01
-6.125081181526184082e-01
-9.414682537317276001e-02
-6.938536167144775391e-01
-1.604374349117279053e-01
-7.195526957511901855e-01
4.041513502597808838e-01
1.533157974481582642e-01
-6.526777148246765137e-02
5.426704883575439453e-01
-3.208734467625617981e-02
-5.830675363540649414e-01
-3.579193353652954102e-01
1.313908249139785767e-01
2.134801000356674194e-01
1.914288103580474854e-01
-1.574377119541168213e-01
4.987115859985351562e-01
-4.997989907860755920e-02
3.823066949844360352e-01
-5.159460902214050293e-01
3.375901877880096436e-01
-8.979787826538085938e-01
-1.367380172014236450e-01
3.135083019733428955e-01
4.068974256515502930e-01
-4.237476736307144165e-02
-9.460135698318481445e-01
-4.449892342090606689e-01
-8.018536865711212158e-02
3.456802070140838623e-01
-1.579232364892959595e-01
-4.042199552059173584e-01
1.615872830152511597e-01
-3.963481485843658447e-01
-1.401164978742599487e-01
-1.013448759913444519e-01
-9.517049789428710938e-02
2.050589621067047119e-01
-5.054699182510375977e-01
1.799573600292205811e-01
-5.410340428352355957e-01
-1.274750381708145142e-01
-4.449399113655090332e-01
2.311936467885971069e-01
3.202172815799713135e-01
2.239541858434677124e-01
3.982628583908081055e-01
2.867081165313720703e-01
-8.000676333904266357e-02
4.170383512973785400e-02
-4.877849817276000977e-01
-2.710987254977226257e-02
2.453567534685134888e-01
3.074953556060791016e-01
-2.482591569423675537e-01
2.985713481903076172e-01
-1.469097435474395752e-01
-4.028944671154022217e-01
4.724206924438476562e-01
-2.566200792789459229e-01
2.192767560482025146e-01
1.389004290103912354e-01
2.369899153709411621e-01
-9.985636919736862183e-02
-2.620201408863067627e-01
-3.384478092193603516e-01
-2.633846104145050049e-01
3.178339302539825439e-01
-4.722034633159637451e-01
5.957342982292175293e-01
-1.150855142623186111e-02
-8.763858675956726074e-02
1.915825009346008301e-01
2.289729267358779907e-01
1.833300739526748657e-01
1.690452545881271362e-01
1.536885052919387817e-01
-7.029429674148559570e-01
-4.876962006092071533e-01
5.024102330207824707e-01
-6.342795491218566895e-01
5.869547128677368164e-01
5.206089019775390625e-01
7.732776999473571777e-01
-1.501848548650741577e-01
-5.459270477294921875e-01
-8.957615494728088379e-02
6.586176753044128418e-01
1.817242056131362915e-01
-2.936240136623382568e-01
3.135018050670623779e-01
1.374903917312622070e-01
-6.468850970268249512e-01
4.669838845729827881e-01
5.512338504195213318e-02
2.300337105989456177e-01
6.457544863224029541e-02
-7.543035149574279785e-01
7.219792902469635010e-02
2.427960634231567383e-01
-5.507056713104248047e-01
2.958899736404418945e-01
-7.063553482294082642e-02
2.739658057689666748e-01
-3.876185119152069092e-01
6.469661742448806763e-02
-5.534048676490783691e-01
1.301416903734207153e-01
2.989454269409179688e-01
-5.850205421447753906e-01
-4.063173234462738037e-01
-7.221328467130661011e-02
5.742238759994506836e-01
-1.502706408500671387e-01
-1.305806636810302734e-01
3.726714253425598145e-01
-1.443121433258056641e-01
3.170717358589172363e-01
2.869451045989990234e-01
4.117254912853240967e-01
-4.955383539199829102e-01
-9.137866497039794922e-01
1.173734143376350403e-01
2.703927457332611084e-01
8.418836630880832672e-03
-4.468256533145904541e-01
1.447827219963073730e-01
-1.090746641159057617e+00
-6.282721161842346191e-01
-2.450280077755451202e-02
-3.689843416213989258e-01
1.146921217441558838e-01
-2.013407051563262939e-01
-2.873801887035369873e-01
-1.742140017449855804e-02
9.345865249633789062e-02
-5.245806574821472168e-01
-3.423410654067993164e-01
3.125138878822326660e-01
1.057105511426925659e-01
2.354243211448192596e-02
2.195016592741012573e-01
3.727788329124450684e-01
4.627910852432250977e-01
-2.322304993867874146e-01
1.442202180624008179e-01
6.511755585670471191e-01
-1.790202036499977112e-02
-2.495964914560317993e-01
-5.765869617462158203e-01
3.269877657294273376e-02
7.058874964714050293e-01
7.502579689025878906e-02
-6.538138985633850098e-01
-3.465448617935180664e-01
2.702442109584808350e-01
2.025863826274871826e-01
4.764355123043060303e-01
1.063516810536384583e-01
8.590329438447952271e-02
-1.621050387620925903e-01
6.167169809341430664e-01
-5.970400571823120117e-01
9.124647825956344604e-02
-2.688923105597496033e-02
-4.058658182621002197e-01
2.092982232570648193e-01
5.364825129508972168e-01
1.332552433013916016e-01
-2.740284204483032227e-01
2.965379357337951660e-01
-2.368131130933761597e-01
-4.256238788366317749e-02
-8.783835172653198242e-01
8.120655268430709839e-02
-5.245168209075927734e-01
2.096987515687942505e-01
4.180788099765777588e-01
4.612079560756683350e-01
3.538089096546173096e-01
-5.607939958572387695e-01
-8.087884634733200073e-03
2.222625762224197388e-01
2.833314239978790283e-02
-4.974699020385742188e-02
-7.889177203178405762e-01
-1.635124087333679199e-01
2.303631603717803955e-01
-6.103970110416412354e-02
1.538721621036529541e-01
2.479083240032196045e-01
-7.177500128746032715e-01
7.162730395793914795e-02
2.131736278533935547e-01
4.872737824916839600e-01
-1.228193170391023159e-03
1.007655262947082520e+00
-1.743335425853729248e-01
1.419092863798141479e-01
9.608687460422515869e-02
-2.567494511604309082e-01
3.975791335105895996e-01
3.598839938640594482e-01
-7.195082902908325195e-01
8.167909085750579834e-02
-1.106335315853357315e-02
2.441821694374084473e-01
-8.798674494028091431e-02
1.273285448551177979e-01
4.063947796821594238e-01
-1.035054475069046021e-01
1.401800215244293213e-01
1.988265514373779297e-01
-5.847892165184020996e-01
-3.691111803054809570e-01
1.714832782745361328e-01
2.324023097753524780e-01
8.965070545673370361e-02
8.364171385765075684e-01
-1.029539853334426880e-03
2.583938837051391602e-01
2.607197761535644531e-01
-5.090927481651306152e-01
2.710724994540214539e-02
-4.488012194633483887e-01
-2.579912245273590088e-01
1.969648152589797974e-01
-4.259587526321411133e-01
7.150642573833465576e-02
5.414768457412719727e-01
3.353292644023895264e-01
5.464434251189231873e-02
-5.994598269462585449e-01
-1.766417920589447021e-01
2.217741161584854126e-01
2.006036937236785889e-01
-5.825609564781188965e-01
-1.069920361042022705e-01
3.202439546585083008e-01
-5.338851809501647949e-01
-6.441635079681873322e-03
1.742772944271564484e-02
3.337385952472686768e-01
2.618778347969055176e-01
-6.509702652692794800e-02
6.280550360679626465e-01
5.495558381080627441e-01
-1.568142473697662354e-01
4.237073957920074463e-01
7.118123024702072144e-02
-2.520115971565246582e-01
3.983522206544876099e-02
8.578974008560180664e-01
-4.509757459163665771e-02
-4.392112791538238525e-01
1.078641772270202637e+00
6.096061691641807556e-02
-6.467063426971435547e-01
-2.173858731985092163e-01
2.072232812643051147e-01
-3.286666870117187500e-01
4.201304912567138672e-02
1.255416274070739746e-01
3.143405020236968994e-01
3.520803749561309814e-01
-2.434372305870056152e-01
-5.799774527549743652e-01
4.147530794143676758e-01
-1.140721440315246582e-01
3.844709992408752441e-01
1.863297224044799805e-01
1.467939373105764389e-02
-1.560354828834533691e-01
3.484555482864379883e-01
6.165812611579895020e-01
8.228860050439834595e-02
-3.140378892421722412e-01
-6.412909030914306641e-01
-6.902661919593811035e-01
-4.543050527572631836e-01
-5.827594399452209473e-01
1.789674609899520874e-01
-5.472429394721984863e-01
-4.297627806663513184e-01
-5.277260392904281616e-02
2.007668763399124146e-01
9.299214929342269897e-02
-9.511265903711318970e-02
3.339858651161193848e-01
8.943974226713180542e-02
2.610142827033996582e-01
1.300965100526809692e-01
-3.819907009601593018e-01
-2.671347558498382568e-01
-6.695066690444946289e-01
-6.422560811042785645e-01
-5.994362831115722656e-01
-5.394763946533203125e-01
-1.544847488403320312e-01
-8.259863257408142090e-01
-8.271937966346740723e-01
3.862804770469665527e-01
6.125819087028503418e-01
-4.022712707519531250e-01
-4.670532941818237305e-01
-3.824259340763092041e-01
6.929653137922286987e-02
5.329985618591308594e-01
-4.411907792091369629e-01
1.420013327151536942e-02
1.586266458034515381e-01
1.937500089406967163e-01
-4.876745343208312988e-01
-2.538069617003202438e-03
8.283184468746185303e-02
-1.637654006481170654e-01
2.751464247703552246e-01
9.932460635900497437e-02
2.117537111043930054e-01
1.855712197721004486e-02
6.671439856290817261e-02
-2.819502353668212891e-01
-8.037587404251098633e-01
-6.235553622245788574e-01
8.537413477897644043e-01
8.278896808624267578e-01
-5.783655643463134766e-01
-6.520086526870727539e-01
2.126956358551979065e-02
3.883934617042541504e-01
5.530024692416191101e-02
-2.167191952466964722e-01
2.189223617315292358e-01
1.803641617298126221e-01
1.118446290493011475e-01
-1.350534707307815552e-01
-3.512734174728393555e-01
6.537071466445922852e-01
2.588494718074798584e-01
-7.202026247978210449e-02
3.532338738441467285e-01
3.906714320182800293e-01
1.643055528402328491e-01
-2.558362483978271484e-01
1.219056546688079834e-01
-4.592899978160858154e-02
-3.566979169845581055e-01
1.278349906206130981e-01
-3.137260973453521729e-01
5.935246124863624573e-02
4.129920601844787598e-01
1.868205666542053223e-01
1.304400861263275146e-01
-7.449544221162796021e-02
-4.056419432163238525e-02
7.647574692964553833e-02
8.963689804077148438e-01
8.651859164237976074e-01
9.946968406438827515e-02
1.086454689502716064e-01
1.839288026094436646e-01
7.350391894578933716e-02
5.057405233383178711e-01
1.614190936088562012e-01
7.794978618621826172e-01
-3.752716779708862305e-01
1.313143223524093628e-01
1.488652974367141724e-01
3.060982525348663330e-01
-1.023709401488304138e-01
1.885086297988891602e-01
-3.005003929138183594e-01
1.485968083143234253e-01
-9.980584681034088135e-02
2.651078999042510986e-01
8.903317898511886597e-02
1.162547022104263306e-01
-5.159941315650939941e-01
-1.314731780439615250e-02
4.668858349323272705e-01
3.306087553501129150e-01
-2.477736584842205048e-02
-2.421497404575347900e-01
1.949072629213333130e-01
-9.045223891735076904e-02
-4.816849157214164734e-02
1.234670206904411316e-01
2.823657393455505371e-01
-6.903042197227478027e-01
1.826839894056320190e-02
5.141121745109558105e-01
-2.590819001197814941e-01
5.520576238632202148e-01
5.130338072776794434e-01
-3.029978275299072266e-01
-5.527824759483337402e-01
-8.594869971275329590e-01
-1.853545159101486206e-01
-2.986853718757629395e-01
3.182517364621162415e-02
4.000429809093475342e-01
2.190335988998413086e-01
1.046410575509071350e-01
-8.006685376167297363e-01
2.028969526290893555e-01
-1.592106223106384277e-01
-2.895684912800788879e-02
1.369037777185440063e-01
-8.047733902931213379e-01
-3.573060631752014160e-01
2.127943038940429688e-01
-4.633854925632476807e-01
-1.280776113271713257e-01
-3.417741656303405762e-01
1.293766647577285767e-01
2.993875443935394287e-01
-7.506638765335083008e-01
2.739169001579284668e-01
1.527252942323684692e-01
-3.275239169597625732e-01
2.464056313037872314e-01
1.722090691328048706e-02
-3.191858530044555664e-01
-9.905336052179336548e-02
4.281655251979827881e-01
1.593230068683624268e-01
1.685070842504501343e-01
3.132256567478179932e-01
-2.129864692687988281e-01
-1.656266450881958008e-01
3.648517131805419922e-01
-1.323576569557189941e+00
1.823377013206481934e-01
-4.391953647136688232e-01
1.362781822681427002e-01
-9.898964166641235352e-01
2.264825813472270966e-02
3.104514479637145996e-01
-6.108661293983459473e-01
-1.898794807493686676e-02
-3.888011872768402100e-01
-2.796324193477630615e-01
8.022087067365646362e-02
-1.055738236755132675e-02
-5.975043177604675293e-01
4.715018570423126221e-01
-7.588789463043212891e-01
-9.403084404766559601e-03
-3.013093471527099609e-01
1.846308633685112000e-02
4.257411882281303406e-02
3.467488586902618408e-01
1.199439987540245056e-01
-7.637953758239746094e-02
-5.369731783866882324e-01
2.215601205825805664e-01
4.074810445308685303e-02
2.500967979431152344e-01
-1.798921972513198853e-01
2.035841047763824463e-01
8.806870132684707642e-02
-8.459508419036865234e-02
1.638725399971008301e-01
-1.611887574195861816e+00
-6.721012592315673828e-01
2.609054371714591980e-02
1.175397932529449463e-01
-5.677959918975830078e-01
1.671483516693115234e-01
-1.026062369346618652e-01
2.683504521846771240e-01
-8.672501146793365479e-02
-5.735926032066345215e-01
-2.587085664272308350e-01
-2.298048287630081177e-01
1.846617460250854492e-01
-2.120610475540161133e-01
2.044094949960708618e-01
1.247891560196876526e-01
-6.755025982856750488e-01
-3.116202950477600098e-01
-5.428091883659362793e-01
-5.557550862431526184e-02
2.815403044223785400e-01
-2.364397607743740082e-02
-3.467544317245483398e-01
1.162509992718696594e-01
3.963643908500671387e-01
-2.360279411077499390e-01
4.785911366343498230e-02
-6.996092200279235840e-02
3.109651207923889160e-01
9.854861497879028320e-01
3.170302808284759521e-01
5.911499634385108948e-02
-2.903894521296024323e-02
-8.043350577354431152e-01
4.147088229656219482e-01
1.774463057518005371e-01
1.655584722757339478e-01
-2.600385546684265137e-01
2.137942910194396973e-01
-3.634113669395446777e-01
-1.270068883895874023e+00
7.808336615562438965e-02
-6.202268004417419434e-01
4.391905665397644043e-01
2.829201519489288330e-01
-4.591919854283332825e-02
1.649503856897354126e-01
1.161184236407279968e-01
-5.998859405517578125e-01
2.146447300910949707e-01
-1.059565544128417969e+00
-4.123760014772415161e-02
2.781372964382171631e-01
3.651138544082641602e-01
2.005012184381484985e-01
1.060861423611640930e-01
4.499266445636749268e-01
-1.418446842581033707e-02
1.229625269770622253e-01
-5.796007812023162842e-02
1.716304272413253784e-01
6.080392003059387207e-01
3.195605576038360596e-01
1.666303873062133789e-01
-6.597245931625366211e-01
1.820677667856216431e-01
3.626240789890289307e-01
-1.963794380426406860e-01
3.344689011573791504e-01
5.194193124771118164e-01
-2.896653115749359131e-01
4.608431458473205566e-02
1.472515761852264404e-01
