-1.326712220907211304e-02
4.813982546329498291e-02
-1.979184150695800781e-02
7.649418711662292480e-02
-1.551814377307891846e-03
-2.143701165914535522e-02
4.327484965324401855e-02
-5.717825144529342651e-02
8.035719394683837891e-02
-8.416973054409027100e-02
3.607670962810516357e-02
-8.410304039716720581e-02
4.387623071670532227e-02
-8.833681046962738037e-02
-8.019880950450897217e-02
-2.285273373126983643e-02
-7.110472768545150757e-02
5.979819595813751221e-02
4.755830764770507812e-02
-1.648699492216110229e-02
1.539994776248931885e-02
7.594245672225952148e-02
-2.542432397603988647e-02
-2.027752995491027832e-02
3.796467185020446777e-02
7.094575464725494385e-02
5.031447112560272217e-02
-3.131292387843132019e-02
8.146005868911743164e-02
1.482428610324859619e-02
-3.433785960078239441e-02
-8.750207722187042236e-03
-3.618497028946876526e-02
3.303604573011398315e-02
-6.422892212867736816e-03
-7.083213329315185547e-02
-2.026907354593276978e-02
-6.399718672037124634e-02
-7.901792228221893311e-02
1.080664992332458496e-02
-8.973623812198638916e-02
8.903816342353820801e-02
6.127800047397613525e-02
3.776155412197113037e-02
7.120020687580108643e-03
-5.027869716286659241e-02
5.317704379558563232e-02
5.384549498558044434e-02
7.246235013008117676e-02
-6.393487751483917236e-02
5.205537378787994385e-02
-7.060427218675613403e-02
4.740895330905914307e-02
4.943317174911499023e-02
6.166385114192962646e-02
-4.347652569413185120e-02
1.828764379024505615e-02
8.145520091056823730e-02
-4.400815814733505249e-02
-1.472425460815429688e-02
-5.413430556654930115e-02
-6.723229587078094482e-02
2.404344826936721802e-02
-4.913740605115890503e-02
8.786082267761230469e-02
-6.426087021827697754e-02
-8.468654006719589233e-02
7.596060633659362793e-03
-8.816364407539367676e-02
5.964075028896331787e-02
-6.924408674240112305e-02
3.123307228088378906e-02
-2.924938499927520752e-02
-8.527277410030364990e-02
-7.684352248907089233e-02
5.337740480899810791e-02
-2.554000914096832275e-02
-1.825816929340362549e-03
-2.332195639610290527e-02
-1.252771168947219849e-02
3.119155764579772949e-03
-5.216625705361366272e-02
2.307895570993423462e-02
6.555053591728210449e-02
