-1.058007478713989258e-01
-2.805851399898529053e-02
-2.444589138031005859e-02
1.927480846643447876e-02
-2.906633168458938599e-02
-6.459759175777435303e-02
7.074915617704391479e-02
-5.093369260430335999e-02
-3.033594042062759399e-02
7.688640803098678589e-02
-7.356003671884536743e-02
4.398008435964584351e-02
8.817563205957412720e-02
-8.487193286418914795e-02
6.366419047117233276e-02
-4.296763986349105835e-02
5.705236643552780151e-02
-5.904758349061012268e-02
7.209975272417068481e-02
-7.895261049270629883e-03
5.897506326436996460e-02
1.042324304580688477e-02
2.170845866203308105e-03
-8.132162690162658691e-02
8.333326131105422974e-02
9.150593727827072144e-02
5.254805833101272583e-02
-7.104315608739852905e-02
3.604898601770401001e-02
-4.892536625266075134e-02
8.312381058931350708e-02
4.165739566087722778e-02
-7.016285508871078491e-02
9.720145910978317261e-02
-2.498962730169296265e-02
1.860294491052627563e-02
-4.733597114682197571e-02
-1.779501885175704956e-02
-1.067902520298957825e-01
7.115728408098220825e-02
4.139769822359085083e-02
5.619526654481887817e-02
-3.792382031679153442e-02
5.452810972929000854e-02
-7.608875632286071777e-02
5.915351957082748413e-02
-5.160243809223175049e-02
4.193163663148880005e-02
1.056203767657279968e-01
-1.049766615033149719e-01
6.832645088434219360e-02
-1.387897133827209473e-02
-1.004223152995109558e-01
7.293030619621276855e-03
-6.377513706684112549e-02
1.028839126229286194e-01
-2.604203671216964722e-02
-1.045970693230628967e-01
-8.908763527870178223e-03
-9.344788640737533569e-02
7.269946485757827759e-02
5.413400381803512573e-02
-7.653380930423736572e-02
1.325779408216476440e-02
8.608170598745346069e-02
4.193425923585891724e-02
3.557447344064712524e-02
5.653450638055801392e-02
-1.030217483639717102e-01
8.529130369424819946e-02
1.765728741884231567e-02
-6.846386939287185669e-02
-5.023388937115669250e-02
1.289002597332000732e-02
-4.692913219332695007e-02
7.761172950267791748e-03
-5.305036902427673340e-02
9.048203378915786743e-02
3.856887668371200562e-02
5.326213687658309937e-02
-8.818410336971282959e-02
-4.819728434085845947e-02
3.780879080295562744e-03
1.088164672255516052e-01
8.464967459440231323e-02
-3.140401095151901245e-02
6.995724886655807495e-02
8.186449855566024780e-02
-9.664230793714523315e-02
-8.587560057640075684e-02
-2.453135699033737183e-02
1.285873353481292725e-02
-9.082357585430145264e-02
3.234124928712844849e-02
-6.745825707912445068e-02
9.957432001829147339e-02
3.097026795148849487e-02
-1.041080504655838013e-01
1.025544479489326477e-01
-6.203421577811241150e-02
-5.995216593146324158e-02
-1.252812147140502930e-02
7.132051140069961548e-02
-1.973453909158706665e-02
6.873915344476699829e-02
-9.451140463352203369e-02
-4.716002941131591797e-02
-4.735307767987251282e-02
-3.291293978691101074e-03
1.018743142485618591e-01
-1.902048289775848389e-02
6.082383543252944946e-02
8.716871589422225952e-02
-9.492394328117370605e-02
-2.609211206436157227e-02
5.771283060312271118e-02
4.219270497560501099e-02
4.378622025251388550e-02
1.067197993397712708e-01
6.791339069604873657e-02
-1.079238057136535645e-01
-5.266495048999786377e-03
-2.481719851493835449e-02
-1.462242752313613892e-02
-8.959125727415084839e-02
5.902095884084701538e-02
7.542348653078079224e-02
-8.869965374469757080e-02
1.678115874528884888e-02
-7.747960835695266724e-02
4.564396291971206665e-02
-7.607793062925338745e-02
1.069810613989830017e-01
9.815961122512817383e-03
1.001923605799674988e-01
-2.816790342330932617e-02
9.993726760149002075e-02
-4.144432395696640015e-02
-6.287592649459838867e-02
-8.754643052816390991e-02
-7.970626652240753174e-02
-9.659490734338760376e-02
-1.021870225667953491e-02
-8.810494095087051392e-02
-6.142795458436012268e-02
9.403113275766372681e-02
-3.071800619363784790e-02
-5.149506777524948120e-02
2.726716548204421997e-02
-1.061523482203483582e-01
-3.749097138643264771e-02
-5.119520798325538635e-02
3.424904495477676392e-02
6.230191141366958618e-02
8.926870673894882202e-02
-4.307062923908233643e-02
3.366623073816299438e-02
7.849933952093124390e-02
-9.530200809240341187e-02
3.675896674394607544e-02
2.636656910181045532e-02
1.056782379746437073e-01
-7.887959480285644531e-03
-2.983964234590530396e-02
-6.178469210863113403e-02
-1.721434295177459717e-03
4.808149486780166626e-02
-6.596650183200836182e-02
-9.421230852603912354e-02
-1.025455966591835022e-01
8.461820334196090698e-02
-2.237273752689361572e-02
9.731697291135787964e-02
-8.728226274251937866e-02
-3.557660430669784546e-02
9.820043295621871948e-02
6.807053834199905396e-02
7.837315648794174194e-02
8.864960819482803345e-02
7.317147403955459595e-02
-2.966125309467315674e-02
-6.141942366957664490e-02
-9.356549382209777832e-02
-1.078045889735221863e-01
-4.729849845170974731e-02
4.286966472864151001e-02
-8.000398427248001099e-02
8.612116426229476929e-02
8.563023060560226440e-02
-8.222689479589462280e-02
-1.258264482021331787e-02
-9.727118909358978271e-02
7.158374041318893433e-02
-5.912252515554428101e-02
6.912187486886978149e-02
1.530484110116958618e-02
-7.807011902332305908e-02
-5.324163287878036499e-02
-8.096530288457870483e-02
-2.987612783908843994e-02
-7.256714999675750732e-02
-5.791243910789489746e-02
-5.761907249689102173e-02
8.430939167737960815e-02
-1.072963550686836243e-01
-4.711487144231796265e-02
7.265570014715194702e-02
-8.148193359375000000e-02
2.997342497110366821e-02
2.428955584764480591e-02
-2.027108520269393921e-02
6.461048871278762817e-02
1.045348271727561951e-01
1.022275313735008240e-01
-7.780140638351440430e-02
6.911285966634750366e-02
-2.906383574008941650e-02
1.327891647815704346e-02
1.027311161160469055e-01
-4.354702681303024292e-02
-1.017229408025741577e-01
-7.324194908142089844e-02
3.145764023065567017e-02
-6.176237389445304871e-02
2.112624794244766235e-02
-1.990079879760742188e-03
-1.006717458367347717e-01
-2.602405846118927002e-02
-5.525742471218109131e-02
-6.620193272829055786e-02
-6.331220269203186035e-02
8.112732321023941040e-02
-5.216563120484352112e-02
-8.788704127073287964e-02
4.404104501008987427e-02
9.050898253917694092e-03
4.552569240331649780e-02
6.689980626106262207e-03
-5.846283584833145142e-02
-4.831080511212348938e-02
-1.609137654304504395e-02
-2.232916653156280518e-02
-5.939695611596107483e-02
5.935380607843399048e-02
-6.018035858869552612e-02
6.970608979463577271e-02
1.645088940858840942e-02
-1.028362214565277100e-01
-2.822950482368469238e-02
-1.034065485000610352e-01
-2.793240547180175781e-02
-9.074255079030990601e-02
-6.677971780300140381e-02
2.992785722017288208e-02
2.995982766151428223e-03
-2.740167081356048584e-02
-7.433002442121505737e-02
-9.083852916955947876e-02
-7.493771612644195557e-02
-5.981020629405975342e-03
1.816800981760025024e-02
-4.515904933214187622e-02
1.327376812696456909e-02
-9.268447756767272949e-03
3.415503352880477905e-02
-2.642777562141418457e-02
2.090625464916229248e-03
-7.785344123840332031e-02
-2.922117710113525391e-04
8.430431038141250610e-02
-9.764681011438369751e-02
1.069880649447441101e-01
3.537388890981674194e-02
-1.012959480285644531e-01
4.316511005163192749e-02
9.943363815546035767e-02
-3.479495644569396973e-02
1.069811657071113586e-01
-2.007844299077987671e-02
-3.039595484733581543e-02
3.515502065420150757e-02
-5.924701690673828125e-03
6.385933607816696167e-02
3.191220015287399292e-02
-1.389081031084060669e-02
-6.606611609458923340e-02
-4.990971833467483521e-02
9.345901757478713989e-02
8.050587028264999390e-02
-4.209394752979278564e-02
-6.371625512838363647e-02
-3.406696766614913940e-02
-1.416455954313278198e-02
-1.033043265342712402e-01
3.225343674421310425e-02
-8.235676586627960205e-02
-2.614967525005340576e-02
-8.569031953811645508e-02
-1.048635765910148621e-01
9.161654859781265259e-02
-9.806561470031738281e-02
7.834602147340774536e-02
5.501834303140640259e-02
-1.970680803060531616e-02
-9.152927994728088379e-02
-6.153725087642669678e-03
-6.785380840301513672e-02
9.760355204343795776e-02
3.179141134023666382e-02
-5.308794230222702026e-02
-1.034527346491813660e-01
1.657661050558090210e-02
1.685645431280136108e-02
-3.101895749568939209e-02
-8.415182679891586304e-02
2.631606906652450562e-02
-8.712265640497207642e-02
1.828894764184951782e-02
-2.061394602060317993e-02
-2.223632484674453735e-02
-4.058760404586791992e-02
3.867591172456741333e-02
-6.827862560749053955e-02
1.015170291066169739e-01
-5.949860438704490662e-02
-8.997096121311187744e-02
2.341557294130325317e-02
-1.075802445411682129e-01
-3.170491755008697510e-02
2.778162807226181030e-02
-3.083609044551849365e-02
9.969720989465713501e-02
-3.245358169078826904e-02
-5.834177136421203613e-03
-2.073987573385238647e-02
-4.604435712099075317e-02
8.077635616064071655e-02
7.831551879644393921e-02
-1.257202029228210449e-02
-9.131036698818206787e-02
9.230595082044601440e-02
3.403324633836746216e-02
-3.826627880334854126e-02
-5.709319189190864563e-02
-4.201810061931610107e-02
-4.051271080970764160e-02
-3.267902880907058716e-02
-5.625688284635543823e-02
-7.754142582416534424e-02
4.567284137010574341e-02
-9.173782169818878174e-02
2.773744612932205200e-02
-4.966558143496513367e-02
-8.856963366270065308e-02
8.206006139516830444e-02
5.825337022542953491e-02
2.480965107679367065e-02
8.349145203828811646e-02
-1.961585134267807007e-02
-8.968809247016906738e-02
-2.398247271776199341e-02
4.581498354673385620e-02
6.220934540033340454e-02
9.851051121950149536e-02
2.245882898569107056e-02
-1.887980103492736816e-02
-7.918755710124969482e-02
-6.295381486415863037e-02
5.686856061220169067e-02
1.383630931377410889e-02
-9.126515686511993408e-02
-2.302162349224090576e-02
1.773061603307723999e-02
4.358155280351638794e-02
-8.295723050832748413e-02
-5.814465135335922241e-02
3.587902337312698364e-02
4.371834546327590942e-02
9.146638959646224976e-02
-9.621249884366989136e-02
-7.427970319986343384e-02
1.074639186263084412e-01
-9.270463883876800537e-02
6.436586380004882812e-03
6.135582923889160156e-03
-6.856399774551391602e-02
8.453115820884704590e-03
-3.956387937068939209e-02
5.121574550867080688e-02
-4.934088140726089478e-02
3.552981466054916382e-02
-1.016729623079299927e-01
1.491224765777587891e-02
-4.144755750894546509e-02
-3.285139054059982300e-02
1.399833709001541138e-02
1.828543096780776978e-02
7.474667578935623169e-02
4.989721626043319702e-02
5.544435232877731323e-02
8.815874904394149780e-02
-5.157051980495452881e-02
1.069699302315711975e-01
5.469430238008499146e-02
1.625087112188339233e-02
-8.656404167413711548e-02
5.597449839115142822e-03
-3.075620532035827637e-02
1.381623744964599609e-02
-3.697670996189117432e-02
-5.305323004722595215e-02
-4.622489213943481445e-04
-1.837018132209777832e-02
4.171856492757797241e-02
-8.348740637302398682e-03
5.129147320985794067e-02
-9.178169071674346924e-02
1.007411107420921326e-01
-3.173707425594329834e-02
-4.230170696973800659e-02
6.324701756238937378e-02
3.102033585309982300e-02
8.526591211557388306e-02
3.417186439037322998e-03
-8.687102794647216797e-02
5.368942767381668091e-02
-1.297814399003982544e-02
-7.330651581287384033e-02
-3.350903093814849854e-02
-4.156364500522613525e-02
3.695397824048995972e-02
5.652629584074020386e-02
-4.913863539695739746e-02
-6.243040412664413452e-02
9.169998019933700562e-02
-9.870510548353195190e-02
-7.983124256134033203e-02
6.830375641584396362e-02
-2.211455255746841431e-02
-5.892310664057731628e-02
-8.887946605682373047e-04
2.239236980676651001e-02
-1.226173341274261475e-02
4.456252604722976685e-02
-8.096766471862792969e-02
-3.659176081418991089e-02
-9.818831086158752441e-02
-2.192541956901550293e-02
7.105227559804916382e-02
8.139044791460037231e-02
-1.980125159025192261e-02
-2.200318872928619385e-02
-4.464396834373474121e-02
-5.389273911714553833e-02
1.013751104474067688e-01
-3.339394181966781616e-02
-7.667395472526550293e-02
6.392998248338699341e-02
-4.642560333013534546e-02
-9.045446664094924927e-02
3.040198236703872681e-02
-7.132504880428314209e-02
5.849926918745040894e-02
7.949798554182052612e-02
-2.853243052959442139e-02
-7.960147410631179810e-02
-1.679471880197525024e-02
7.385126501321792603e-02
3.512211143970489502e-03
1.067640557885169983e-01
5.213191360235214233e-02
7.603607326745986938e-02
3.912081569433212280e-02
6.579499691724777222e-02
6.421402096748352051e-03
5.320153385400772095e-02
-6.676761060953140259e-02
6.811365485191345215e-03
4.914424568414688110e-02
-2.696324139833450317e-02
-6.234472617506980896e-02
-1.036150455474853516e-01
8.024252206087112427e-02
-1.045877039432525635e-01
1.061937585473060608e-01
5.133304744958877563e-02
7.688172906637191772e-02
-7.340142130851745605e-02
-3.314536064863204956e-02
-3.960239887237548828e-02
-7.896839082241058350e-02
8.918295055627822876e-02
-9.465248882770538330e-02
1.148615032434463501e-02
-3.186038136482238770e-02
-7.352269440889358521e-02
9.743448346853256226e-02
-8.131809532642364502e-02
-6.961478292942047119e-02
-1.057441234588623047e-01
-2.809241414070129395e-04
7.835572212934494019e-02
5.714219063520431519e-02
5.028218775987625122e-02
-8.723840117454528809e-02
-6.769233196973800659e-02
3.086005896329879761e-02
-3.596493601799011230e-02
-7.638539373874664307e-02
9.156809002161026001e-02
1.146493852138519287e-02
-8.325103670358657837e-02
-3.098119795322418213e-02
2.778024226427078247e-02
4.229194670915603638e-02
-7.527157664299011230e-02
5.382912606000900269e-02
5.095660686492919922e-03
-8.781747519969940186e-02
-7.068589329719543457e-02
3.766134381294250488e-03
2.254036813974380493e-02
-1.031061783432960510e-01
-1.032468825578689575e-01
-3.990440815687179565e-02
-4.512840509414672852e-02
2.419799566268920898e-03
2.925486117601394653e-02
7.146538048982620239e-02
-8.850058168172836304e-02
4.624228924512863159e-02
-8.172684907913208008e-02
3.335282206535339355e-03
2.103658765554428101e-02
6.002121418714523315e-02
-1.675382256507873535e-02
-8.371254801750183105e-02
1.771133393049240112e-02
9.239935129880905151e-02
1.990748196840286255e-02
7.260825484991073608e-02
4.610357433557510376e-02
3.337862342596054077e-02
-4.924055933952331543e-02
5.439908057451248169e-02
-9.578759968280792236e-02
1.079473420977592468e-01
5.595614761114120483e-02
-8.870586752891540527e-03
-1.051245629787445068e-01
-1.026782318949699402e-01
7.421106100082397461e-03
-9.116886556148529053e-02
-7.034873962402343750e-02
-9.456540644168853760e-02
-2.581705152988433838e-02
1.886210590600967407e-02
-6.743147969245910645e-02
7.482542842626571655e-02
3.981194645166397095e-02
3.177838772535324097e-02
4.123053699731826782e-02
-2.477609366178512573e-02
2.545446157455444336e-03
-1.656892150640487671e-02
6.086917966604232788e-02
-5.028108879923820496e-02
-5.652425065636634827e-02
-9.668064117431640625e-02
5.283329635858535767e-02
-8.694174140691757202e-02
-1.079794391989707947e-01
-4.669176042079925537e-02
-3.573125600814819336e-02
-8.777356892824172974e-02
-5.306302383542060852e-02
4.444704204797744751e-02
-3.354573249816894531e-02
7.592917233705520630e-02
-2.130085974931716919e-02
4.460015147924423218e-02
1.037097796797752380e-01
6.615518778562545776e-02
-8.436409384012222290e-02
4.888385534286499023e-03
-4.814702644944190979e-02
-1.127425581216812134e-02
-9.464551508426666260e-02
8.940932899713516235e-02
-3.514240682125091553e-02
7.608988136053085327e-02
-2.025204151868820190e-02
5.614171177148818970e-02
5.493555217981338501e-02
5.187734216451644897e-02
-8.295656740665435791e-02
-1.008073464035987854e-01
-1.054539978504180908e-01
-4.220649600028991699e-02
-1.731073856353759766e-02
1.070029959082603455e-01
3.459028154611587524e-02
-1.848646253347396851e-02
1.005796715617179871e-01
9.966883808374404907e-02
-4.364570975303649902e-02
1.013882234692573547e-01
9.001635760068893433e-02
9.522356837987899780e-02
-8.572585880756378174e-03
5.434044450521469116e-02
-5.439317598938941956e-02
-1.063875108957290649e-01
-8.986838907003402710e-02
6.103491038084030151e-02
-5.763400346040725708e-02
1.406919211149215698e-02
7.161102443933486938e-02
-1.785690337419509888e-02
-8.977094292640686035e-02
3.852090984582901001e-02
-9.618754684925079346e-02
-1.013481542468070984e-01
-6.692601740360260010e-02
4.953961819410324097e-02
-5.055584385991096497e-02
1.023418083786964417e-01
-7.578569650650024414e-02
-9.771071374416351318e-03
-1.856759935617446899e-02
-4.404997080564498901e-02
3.806761652231216431e-02
-7.902577519416809082e-03
7.774487137794494629e-03
-4.503896087408065796e-02
4.922338575124740601e-02
6.783255189657211304e-02
-3.595269471406936646e-02
1.078958064317703247e-02
1.717960089445114136e-02
-1.879081875085830688e-02
9.813109785318374634e-02
9.087682515382766724e-02
5.462985485792160034e-02
-9.891673922538757324e-03
2.629996091127395630e-02
7.017374783754348755e-02
-6.492771208286285400e-02
8.303482085466384888e-02
-4.837573692202568054e-02
3.310803323984146118e-02
4.058928042650222778e-02
-1.997658610343933105e-02
5.026318877935409546e-02
8.340717107057571411e-02
-5.379384756088256836e-02
-6.617181003093719482e-03
7.733637839555740356e-02
3.784887492656707764e-03
9.378614276647567749e-02
-2.059150487184524536e-02
-2.714893966913223267e-02
2.044640481472015381e-03
-1.718066632747650146e-02
-5.954423174262046814e-02
5.638325959444046021e-02
3.698850423097610474e-02
-6.898279488086700439e-02
-5.129256471991539001e-02
-3.396948426961898804e-02
-3.090611100196838379e-02
3.160109370946884155e-02
-9.223347902297973633e-02
-1.294029504060745239e-02
-6.518187373876571655e-02
-9.477087855339050293e-02
6.101300567388534546e-02
-4.343625903129577637e-02
5.859487503767013550e-02
6.700493395328521729e-03
4.001533240079879761e-02
1.055902764201164246e-01
-8.105984330177307129e-02
9.625136852264404297e-03
6.346937268972396851e-02
4.946209490299224854e-03
4.075067490339279175e-02
-1.804456114768981934e-03
9.833820164203643799e-03
-7.662619650363922119e-02
9.285042434930801392e-02
9.763333946466445923e-02
2.882526069879531860e-02
-1.022145897150039673e-02
7.312967628240585327e-02
6.406242400407791138e-02
1.219711452722549438e-02
3.931850194931030273e-03
-4.543655365705490112e-02
2.945517748594284058e-02
5.404708534479141235e-02
1.024606153368949890e-01
8.682765066623687744e-03
2.962637692689895630e-02
6.603703647851943970e-02
-3.694894909858703613e-02
-1.610996574163436890e-02
-2.760503441095352173e-02
-9.949219971895217896e-02
-1.074196398258209229e-01
-2.267389744520187378e-02
7.718478888273239136e-02
4.466768354177474976e-02
3.682751208543777466e-02
-6.475342810153961182e-02
6.599130481481552124e-02
2.644684165716171265e-02
2.877264469861984253e-02
-2.848239243030548096e-02
1.940830796957015991e-02
8.381148427724838257e-02
-7.933335006237030029e-02
4.493974894285202026e-02
7.332251220941543579e-02
7.070279866456985474e-02
7.507015019655227661e-02
7.179618626832962036e-02
1.043671742081642151e-01
7.580489665269851685e-02
-4.333012551069259644e-02
7.965893298387527466e-02
8.727667480707168579e-02
-5.207448080182075500e-02
5.207539349794387817e-02
9.327181428670883179e-02
-1.532872021198272705e-02
7.144614309072494507e-02
-9.468685090541839600e-02
-1.649223268032073975e-03
3.311529755592346191e-03
-7.482717931270599365e-02
-3.928983956575393677e-02
-1.036469861865043640e-01
5.884706974029541016e-03
-4.269225895404815674e-02
-3.319784253835678101e-02
3.709032386541366577e-02
-1.058297082781791687e-01
7.488609105348587036e-02
-9.444682300090789795e-02
-1.029719710350036621e-01
9.902685880661010742e-03
-7.158799469470977783e-02
1.729822903871536255e-02
8.731130510568618774e-02
-6.479041278362274170e-02
7.551752775907516479e-02
1.064204424619674683e-02
-7.682299613952636719e-02
-6.215218827128410339e-02
-7.607413828372955322e-02
-5.573084577918052673e-02
1.273515075445175171e-02
-5.018972977995872498e-02
3.239264339208602905e-02
-1.514301449060440063e-02
-1.398319751024246216e-02
-9.196504950523376465e-02
-3.558836132287979126e-02
1.070480123162269592e-01
-6.870388984680175781e-03
7.455457001924514771e-02
2.764564007520675659e-02
3.879379481077194214e-02
-1.031552404165267944e-01
-2.361878752708435059e-03
-1.061850562691688538e-01
-4.732006415724754333e-02
2.288020402193069458e-02
8.358470350503921509e-02
8.295653015375137329e-02
-9.971316158771514893e-02
-1.049791201949119568e-01
1.363155245780944824e-02
2.827977389097213745e-02
-7.054878771305084229e-02
-6.511874496936798096e-02
-5.821677297353744507e-02
-9.000398963689804077e-02
2.751625329256057739e-02
1.033534482121467590e-01
7.391352206468582153e-02
7.407259196043014526e-02
-5.745166167616844177e-02
1.816561073064804077e-02
4.282326251268386841e-02
-1.006523296236991882e-01
1.283027231693267822e-03
3.620614856481552124e-02
5.194605141878128052e-02
6.200262159109115601e-02
-7.253679633140563965e-02
3.557684272527694702e-02
1.623799651861190796e-02
1.845785230398178101e-02
-1.964178681373596191e-02
4.638236016035079956e-02
1.085268929600715637e-01
8.436920493841171265e-02
7.772951573133468628e-02
2.046164125204086304e-02
-9.908214211463928223e-03
-7.040864229202270508e-02
-8.818569779396057129e-02
-1.056503504514694214e-02
5.771524459123611450e-02
-2.875976264476776123e-03
-1.358422636985778809e-02
3.729105740785598755e-02
-1.090796664357185364e-01
-5.937450751662254333e-02
-6.425554305315017700e-02
4.723311215639114380e-02
-6.445869803428649902e-02
7.138706743717193604e-03
-1.079797521233558655e-01
-2.129548788070678711e-02
-3.937569260597229004e-02
-7.247550785541534424e-02
-8.403472602367401123e-03
-3.129929304122924805e-02
5.541455000638961792e-02
-6.151622161269187927e-02
5.151256173849105835e-02
3.527574986219406128e-02
1.073998883366584778e-01
2.272906154394149780e-02
1.072014123201370239e-02
-3.942015022039413452e-02
-5.552083253860473633e-03
