-1.014657542109489441e-01
-1.263035535812377930e-01
-1.239620614796876907e-03
1.208515912294387817e-01
1.288935989141464233e-01
-1.807327382266521454e-02
7.120217196643352509e-03
-7.880850136280059814e-02
1.076271533966064453e-01
1.052611693739891052e-02
3.853128850460052490e-02
-7.942191511392593384e-02
-1.060120761394500732e-01
5.452923104166984558e-02
1.100746169686317444e-01
6.937557458877563477e-02
1.861708015203475952e-01
2.010239055380225182e-03
-2.542190849781036377e-01
-2.381620258092880249e-01
1.048226952552795410e-01
1.163359433412551880e-01
-1.376070380210876465e-01
-8.442009091377258301e-01
-8.673686385154724121e-01
-2.033658474683761597e-01
-2.142053246498107910e-01
-2.914950549602508545e-01
-8.302185684442520142e-02
1.796606369316577911e-02
-7.393847703933715820e-01
-2.068012952804565430e-01
6.400568783283233643e-02
1.139630451798439026e-01
1.555641740560531616e-01
-3.960836529731750488e-01
-4.065001383423805237e-02
3.792287036776542664e-02
4.506502300500869751e-02
-3.959962353110313416e-02
-1.612362563610076904e-01
4.103254154324531555e-02
5.603568255901336670e-02
9.343307465314865112e-02
4.672098532319068909e-02
-2.059199661016464233e-01
-3.254402428865432739e-03
9.717594832181930542e-02
6.770358234643936157e-02
3.447357565164566040e-02
-2.768322229385375977e-01
-1.829415708780288696e-01
-1.300862878561019897e-01
-5.331666022539138794e-02
3.833595812320709229e-01
-1.089189872145652771e-01
-2.663977816700935364e-02
-1.867087930440902710e-01
7.098007947206497192e-02
3.804551362991333008e-01
2.327532172203063965e-01
1.063287109136581421e-01
3.899223506450653076e-01
3.179740607738494873e-01
-1.707550287246704102e-01
4.369597136974334717e-01
4.072439670562744141e-01
2.256144285202026367e-01
-2.526875212788581848e-02
-1.678197979927062988e-01
-4.126567542552947998e-01
-3.428118228912353516e-01
-2.798632979393005371e-01
-1.050618737936019897e-01
3.478823602199554443e-02
-1.070518270134925842e-01
-4.549909830093383789e-01
-5.947621464729309082e-01
-5.117813944816589355e-01
-1.085754185914993286e-01
7.256761193275451660e-03
-6.646241247653961182e-02
-3.568710684776306152e-01
-1.701382100582122803e-01
-1.332777440547943115e-01
-5.098479986190795898e-02
1.616927087306976318e-01
6.968346238136291504e-02
-1.321557611227035522e-01
-7.296844571828842163e-02
1.174564212560653687e-01
1.195026487112045288e-01
4.050301760435104370e-02
-9.296715259552001953e-02
3.407559171319007874e-02
-8.513061702251434326e-02
1.628362387418746948e-01
2.137774974107742310e-01
-8.719155192375183105e-02
8.350855112075805664e-02
-2.196031063795089722e-02
-2.488859295845031738e-01
-1.456553786993026733e-01
5.835526436567306519e-02
-2.154943346977233887e-01
3.506317734718322754e-01
1.516900658607482910e-01
1.449677497148513794e-01
2.859662473201751709e-01
3.349806368350982666e-01
-3.080175444483757019e-02
-7.205757498741149902e-02
-3.027004301548004150e-01
-2.935346588492393494e-02
-2.245718389749526978e-01
-1.863382570445537567e-02
2.116229385137557983e-01
-2.767102420330047607e-01
-5.409212037920951843e-02
1.311147958040237427e-01
1.052456423640251160e-01
2.885136306285858154e-01
-4.229764044284820557e-01
-1.486871987581253052e-01
2.012702077627182007e-01
3.424901515245437622e-02
-2.816233634948730469e-01
2.824795842170715332e-01
2.359052002429962158e-02
-4.404567182064056396e-02
8.420130610466003418e-02
-4.590680301189422607e-01
4.396824538707733154e-01
2.956325374543666840e-02
-9.156701271422207355e-04
3.362203016877174377e-02
-7.542628645896911621e-01
6.722350716590881348e-01
2.166730910539627075e-02
-1.982451975345611572e-02
-3.290187120437622070e-01
-5.029265880584716797e-01
6.557608842849731445e-01
1.683264523744583130e-01
1.666588336229324341e-02
-1.491930782794952393e-01
-5.473903417587280273e-01
4.921824932098388672e-01
1.151148229837417603e-01
6.769803911447525024e-02
