3.068357892334461212e-02
3.577997684478759766e-01
-3.619632422924041748e-01
4.084532558917999268e-01
3.836536407470703125e-01
-2.328589558601379395e-01
-5.667923018336296082e-02
9.049612097442150116e-03
9.861409664154052734e-02
-5.207805708050727844e-02
1.851270720362663269e-02
1.245548203587532043e-01
-5.248954147100448608e-02
-3.028683364391326904e-01
-1.252914965152740479e-01
-1.090396344661712646e-01
-1.063441708683967590e-01
7.019466161727905273e-02
1.917128562927246094e-01
1.099172011017799377e-01
-1.051608771085739136e-01
-1.570495665073394775e-01
-3.602236807346343994e-01
-4.976460244506597519e-03
2.011929452419281006e-01
5.366151686757802963e-03
-1.186610236763954163e-01
-4.931443557143211365e-02
4.820700734853744507e-02
-7.438973337411880493e-02
-3.084517829120159149e-02
-1.486620604991912842e-01
9.988435357809066772e-02
4.508436322212219238e-01
1.755096465349197388e-01
-2.369059771299362183e-01
1.144762635231018066e-01
-2.779494524002075195e-01
2.863968610763549805e-01
-1.116326004266738892e-01
-1.625810712575912476e-01
-5.179463624954223633e-01
1.167642623186111450e-01
1.459026336669921875e-01
-1.035923883318901062e-01
-1.927679330110549927e-01
-2.277406603097915649e-01
-2.328628301620483398e-01
2.316381335258483887e-01
1.692792028188705444e-01
-3.048325143754482269e-02
6.878048926591873169e-02
-3.739252090454101562e-01
-2.267217934131622314e-01
1.360706239938735962e-01
5.329125095158815384e-03
1.703530550003051758e-01
-2.212166488170623779e-01
5.923374742269515991e-02
-1.301235407590866089e-01
-2.372898608446121216e-01
1.695636063814163208e-01
-2.496001869440078735e-01
-4.409588873386383057e-01
-4.377190768718719482e-02
-1.471991688013076782e-01
1.344387680292129517e-01
-5.107355117797851562e-02
-1.179257705807685852e-01
-2.360452115535736084e-01
9.016473591327667236e-02
-2.343128919601440430e-01
4.235577583312988281e-01
-1.207384616136550903e-01
-2.139052599668502808e-01
8.212811499834060669e-02
-3.271271288394927979e-01
5.367363616824150085e-02
1.388794481754302979e-01
-1.810070276260375977e-01
2.814536355435848236e-02
1.164109781384468079e-01
3.380316495895385742e-01
-3.225139677524566650e-01
-6.406065821647644043e-02
6.363286972045898438e-01
3.091135807335376740e-02
-2.250905185937881470e-01
2.776611149311065674e-01
5.413645505905151367e-02
2.511997818946838379e-01
-1.533935964107513428e-01
4.764539003372192383e-02
-1.056552585214376450e-02
-6.978324055671691895e-02
-1.163423508405685425e-01
1.209042593836784363e-01
-1.852971874177455902e-02
-3.811435541138052940e-03
7.996972650289535522e-02
-6.534548848867416382e-02
7.784026116132736206e-02
-3.194183707237243652e-01
-2.075974047183990479e-01
-2.196764498949050903e-01
-4.512384831905364990e-01
1.957046389579772949e-01
-1.956666558980941772e-01
4.861612990498542786e-02
1.409869454801082611e-02
1.107373237609863281e-01
-3.217131793498992920e-01
-1.798279732465744019e-01
2.041346766054630280e-02
1.263737082481384277e-01
-1.777324676513671875e-01
-7.898175716400146484e-02
2.027862966060638428e-01
1.363624725490808487e-02
7.123576849699020386e-02
