-2.392269521951675415e-01
-6.489055156707763672e-01
-2.534025609493255615e-01
-3.294098675251007080e-01
-9.731964021921157837e-02
1.637189239263534546e-01
-4.097299575805664062e-01
9.369496256113052368e-02
1.960000842809677124e-01
1.860149651765823364e-01
4.673042893409729004e-02
1.786617189645767212e-01
2.470822781324386597e-01
5.821964889764785767e-02
-1.040570363402366638e-01
2.932485640048980713e-01
2.695190012454986572e-01
4.393988754600286484e-03
-1.567425131797790527e-01
4.101426899433135986e-02
-1.295582205057144165e-01
4.112817943096160889e-01
-7.642680406570434570e-02
1.383113563060760498e-01
1.079542115330696106e-01
3.311813250184059143e-02
-2.656266279518604279e-02
5.990020558238029480e-02
-3.074803352355957031e-01
2.586327791213989258e-01
3.800513595342636108e-02
4.160030186176300049e-02
2.716879919171333313e-02
-4.567303359508514404e-01
4.252421855926513672e-01
4.429768398404121399e-02
1.125695779919624329e-01
-1.750303059816360474e-01
-4.734862744808197021e-01
4.709527790546417236e-01
3.382082656025886536e-02
8.087964355945587158e-02
-1.359701156616210938e-02
-7.362807393074035645e-01
6.399016976356506348e-01
1.662802882492542267e-02
5.576444417238235474e-02
-1.260932534933090210e-01
-4.817104637622833252e-01
5.230054855346679688e-01
-6.391934752464294434e-01
-3.346990048885345459e-01
-1.003929600119590759e-01
3.949357569217681885e-02
1.178880631923675537e-01
-8.513817787170410156e-01
-5.491992086172103882e-02
6.830687075853347778e-02
1.128297671675682068e-01
1.827217191457748413e-01
-2.785274088382720947e-01
-9.750791825354099274e-03
-8.711431175470352173e-03
6.461088359355926514e-02
8.635683357715606689e-02
-1.207462996244430542e-01
4.807548131793737411e-03
2.072959032375365496e-04
8.386674523353576660e-02
6.622746586799621582e-03
7.236375939100980759e-03
-1.917050406336784363e-02
3.159801708534359932e-03
-2.620838209986686707e-02
2.122911065816879272e-02
-8.403239399194717407e-02
-1.938805282115936279e-01
-4.535721242427825928e-02
2.840485572814941406e-01
3.867317438125610352e-01
1.610833108425140381e-01
2.535882890224456787e-01
2.420700639486312866e-01
1.704752147197723389e-01
5.856041237711906433e-02
1.317548453807830811e-01
1.278138905763626099e-01
7.829383015632629395e-02
1.364712566137313843e-01
-6.393174082040786743e-02
-1.922189444303512573e-01
-3.813924640417098999e-02
1.127154156565666199e-01
-2.269440740346908569e-01
-2.076968550682067871e-02
4.623033478856086731e-02
-2.263274192810058594e-01
-4.093664586544036865e-01
-3.619868755340576172e-01
-3.144194185733795166e-01
-1.039213240146636963e-01
-7.199215237051248550e-03
-6.281150877475738525e-02
5.397733300924301147e-02
1.362610459327697754e-01
7.846283167600631714e-02
-1.019665002822875977e-01
-4.104893654584884644e-02
-7.327669113874435425e-02
1.360725611448287964e-01
9.968040883541107178e-02
1.344541460275650024e-01
5.518788471817970276e-02
-2.613961398601531982e-01
-5.085538327693939209e-02
2.132588624954223633e-01
1.917349547147750854e-01
-1.103377863764762878e-01
-7.751699090003967285e-01
-6.733606457710266113e-01
-7.170793600380420685e-03
-9.292022883892059326e-02
1.154083609580993652e-01
-3.096480071544647217e-01
-3.872953355312347412e-01
-2.308388799428939819e-01
-5.735420808196067810e-02
-9.373135864734649658e-02
1.511770188808441162e-01
1.061089523136615753e-02
-1.546330302953720093e-01
1.026324927806854248e-01
4.675852507352828979e-02
1.291451454162597656e-01
1.388718932867050171e-01
-5.058709159493446350e-02
3.243550956249237061e-01
-4.121859557926654816e-03
1.016327086836099625e-02
-4.558080434799194336e-02
1.399453431367874146e-01
3.153071999549865723e-01
-2.692539691925048828e-01
7.178863137960433960e-02
-1.050232350826263428e-01
4.291047453880310059e-01
-1.035588383674621582e-01
-6.945181488990783691e-01
2.463997155427932739e-01
2.116480320692062378e-01
