2.179397046566009521e-01
6.364051252603530884e-02
2.893555164337158203e-01
-3.244400024414062500e-02
9.386029839515686035e-02
6.656678766012191772e-02
4.508947581052780151e-02
1.214735433459281921e-01
-2.722127363085746765e-02
8.140806853771209717e-02
3.659409582614898682e-01
1.272206753492355347e-01
2.685396373271942139e-01
3.027509450912475586e-01
8.033885806798934937e-02
1.644637286663055420e-01
1.040695235133171082e-01
1.835698038339614868e-01
8.001272380352020264e-02
9.421190619468688965e-02
3.869064152240753174e-01
5.425006523728370667e-02
-8.560028858482837677e-03
3.396472632884979248e-01
-1.424749642610549927e-01
2.289645224809646606e-01
-7.827243208885192871e-02
4.115708172321319580e-01
-1.016984134912490845e-01
9.135270863771438599e-02
1.491591930389404297e-01
1.904374063014984131e-01
1.348105818033218384e-01
1.739546209573745728e-01
4.625209420919418335e-02
-1.757147349417209625e-02
2.588100731372833252e-01
6.170015782117843628e-03
-2.196919918060302734e-01
-2.074946463108062744e-01
1.286764144897460938e-01
-3.499956429004669189e-02
-2.203576825559139252e-02
1.541868448257446289e-01
-5.753021687269210815e-02
-1.065657734870910645e-01
1.801414042711257935e-02
2.781737446784973145e-01
1.173533424735069275e-01
1.575039625167846680e-01
-5.017891153693199158e-02
1.150638312101364136e-01
2.499160468578338623e-01
-1.108036749064922333e-02
6.449861079454421997e-02
-1.198254749178886414e-01
7.945925928652286530e-03
6.589730083942413330e-02
-5.301188677549362183e-02
2.147995308041572571e-02
3.324942290782928467e-01
2.098507732152938843e-01
-5.842353031039237976e-02
2.044439166784286499e-01
-2.589071169495582581e-02
1.310982834547758102e-02
4.443275555968284607e-02
1.202022582292556763e-01
2.009791433811187744e-01
9.334374219179153442e-02
-2.791213430464267731e-02
9.516271203756332397e-02
3.112288713455200195e-01
-4.020203649997711182e-02
1.390900015830993652e-01
1.380633115768432617e-01
5.747785791754722595e-02
3.530979454517364502e-01
4.947352409362792969e-02
1.201400905847549438e-01
-9.166595339775085449e-02
-3.449406474828720093e-02
1.356169581413269043e-01
5.029387399554252625e-02
