-6.691975593566894531e-01
6.024878472089767456e-02
-6.769999861717224121e-01
-3.877972364425659180e-01
2.872269451618194580e-01
5.951396375894546509e-02
-8.313634991645812988e-01
-3.200442716479301453e-02
-1.641377061605453491e-01
4.037971198558807373e-01
1.462221741676330566e-01
2.991767525672912598e-01
4.008429870009422302e-02
1.569606214761734009e-01
6.998292207717895508e-01
1.745862513780593872e-01
2.034599930047988892e-01
3.887264430522918701e-01
-3.542831838130950928e-01
-3.447555601596832275e-01
6.479548215866088867e-01
7.337507605552673340e-01
-9.896801412105560303e-02
-1.992238461971282959e-01
-1.759082227945327759e-01
-2.752777338027954102e-01
3.042685091495513916e-01
3.355286717414855957e-01
2.016009539365768433e-01
-2.436327040195465088e-01
2.926372587680816650e-01
-4.032543599605560303e-01
-5.793724656105041504e-01
-6.663699150085449219e-01
-1.462353914976119995e-01
4.516762495040893555e-02
4.474752396345138550e-02
-3.649272322654724121e-01
-4.308131337165832520e-01
1.848428398370742798e-01
-6.495194435119628906e-01
-4.563683271408081055e-02
-3.269093036651611328e-01
1.399690508842468262e-01
1.749233454465866089e-01
2.084320932626724243e-01
2.792952954769134521e-01
3.297331035137176514e-01
2.615778744220733643e-01
1.672718971967697144e-01
2.029204964637756348e-01
-3.408247530460357666e-01
-1.522701680660247803e-01
3.590017557144165039e-01
3.468084335327148438e-01
5.444040149450302124e-02
3.444883525371551514e-01
-6.122106313705444336e-01
1.820518523454666138e-01
1.015609353780746460e-01
7.786389440298080444e-03
2.823000550270080566e-01
-3.151888549327850342e-01
1.862774938344955444e-01
1.332993805408477783e-02
-6.127502322196960449e-01
6.722974777221679688e-01
-4.062393009662628174e-01
3.511573746800422668e-02
3.286413550376892090e-01
3.373695909976959229e-01
-3.595023453235626221e-01
-5.370931029319763184e-01
-1.648023724555969238e-01
-1.919475966133177280e-03
1.366570442914962769e-01
-4.534353017807006836e-01
-4.847171902656555176e-01
-3.198846876621246338e-01
-3.137766718864440918e-01
2.658963203430175781e-01
-1.182739734649658203e-01
2.145348042249679565e-01
2.726224958896636963e-01
-3.350522220134735107e-01
2.434404194355010986e-01
-2.415985614061355591e-01
3.341276571154594421e-02
-1.484035849571228027e-01
-8.100596666336059570e-01
5.185506343841552734e-01
3.484193682670593262e-01
3.693644702434539795e-01
-4.018823057413101196e-02
3.892973363399505615e-01
-2.406989187002182007e-01
2.389454841613769531e-01
2.982960641384124756e-01
-3.688334822654724121e-01
1.343191266059875488e-01
-6.123841404914855957e-01
-1.051335453987121582e+00
-2.765084207057952881e-01
-9.939970821142196655e-02
-3.253104686737060547e-01
3.056826591491699219e-01
4.037485718727111816e-01
-2.586888074874877930e-01
2.774147689342498779e-01
7.729023098945617676e-01
1.219357699155807495e-01
4.359202384948730469e-01
-6.184777021408081055e-01
2.755688726902008057e-01
3.275338709354400635e-01
-2.693480253219604492e-01
2.899897694587707520e-01
4.905670285224914551e-01
-1.984297931194305420e-01
1.979137957096099854e-01
1.036882176995277405e-01
-1.309895366430282593e-01
9.658238291740417480e-01
3.855277597904205322e-01
7.412910461425781250e-02
2.977665364742279053e-01
5.650449991226196289e-01
3.393790423870086670e-01
2.081415355205535889e-01
-6.406173110008239746e-01
6.609605550765991211e-01
1.077868342399597168e-01
-6.556997895240783691e-01
-2.996171712875366211e-01
1.033512353897094727e-01
-8.399333804845809937e-03
1.468599289655685425e-01
1.984460502862930298e-01
7.179587334394454956e-02
1.637769043445587158e-01
-3.770129978656768799e-01
-2.353584319353103638e-01
-1.290176063776016235e-01
6.712009757757186890e-02
-1.369139645248651505e-02
3.889541923999786377e-01
-8.765663206577301025e-02
3.218058347702026367e-01
3.056266605854034424e-01
3.819450736045837402e-01
-4.515739381313323975e-01
-8.555945754051208496e-02
-2.506533563137054443e-01
-1.010926246643066406e+00
1.479303091764450073e-01
1.460916996002197266e-01
-3.956284821033477783e-01
1.851845830678939819e-01
-1.368112415075302124e-01
1.251091063022613525e-01
1.070091128349304199e-01
-3.263434469699859619e-01
1.842323243618011475e-01
-3.387179970741271973e-01
-3.284567296504974365e-01
2.376952469348907471e-01
-9.810982644557952881e-02
-1.390409003943204880e-02
1.700927317142486572e-02
9.209278225898742676e-02
2.054126709699630737e-01
-4.013737440109252930e-01
1.933156251907348633e-01
-6.733394861221313477e-01
-3.046860694885253906e-01
1.831255480647087097e-02
-2.855797410011291504e-01
3.420289754867553711e-01
2.457423210144042969e-01
1.824933588504791260e-01
-2.013130038976669312e-01
-1.479259599000215530e-02
8.246145844459533691e-01
6.174646317958831787e-02
1.486699730157852173e-01
-1.553209125995635986e-01
1.501135528087615967e-01
-3.005257807672023773e-02
-4.480044245719909668e-01
-3.951254487037658691e-01
3.814407587051391602e-01
-1.018826290965080261e-01
-2.300897836685180664e-01
-2.942747473716735840e-01
-2.033963203430175781e-01
3.554816842079162598e-01
1.136130690574645996e-01
6.243748068809509277e-01
-6.864783167839050293e-01
3.029513061046600342e-01
8.745737373828887939e-02
-1.136413216590881348e+00
5.876756310462951660e-01
1.241171658039093018e-01
2.784099876880645752e-01
-4.592823088169097900e-01
3.647812604904174805e-01
2.972059650346636772e-03
1.885949671268463135e-01
7.284113764762878418e-02
-1.093330979347229004e+00
2.095279246568679810e-01
1.169144660234451294e-01
6.964314728975296021e-02
9.053768962621688843e-02
-3.184655010700225830e-01
3.528504967689514160e-01
7.846634089946746826e-02
2.090578228235244751e-01
2.489421367645263672e-01
-4.779768586158752441e-01
-5.105462074279785156e-01
2.672113776206970215e-01
4.872234910726547241e-02
4.730010628700256348e-01
-5.370086058974266052e-02
-1.606637239456176758e-01
-1.741668879985809326e-01
2.220678925514221191e-01
-7.370994091033935547e-01
2.335085719823837280e-01
-6.676952838897705078e-01
-5.005611479282379150e-02
1.286443136632442474e-02
9.297470748424530029e-02
-3.898445367813110352e-01
-2.666916549205780029e-01
1.822904348373413086e-01
1.598028093576431274e-01
6.243660449981689453e-01
1.831739582121372223e-02
1.805757880210876465e-01
-1.479248553514480591e-01
-4.830228388309478760e-01
9.359967708587646484e-02
-6.296832859516143799e-02
1.451145112514495850e-01
-4.500190615653991699e-01
1.774623394012451172e-01
-6.651246547698974609e-01
-4.681770503520965576e-01
-4.873275160789489746e-01
4.748765826225280762e-01
-4.010204970836639404e-01
-3.052407205104827881e-01
1.787077337503433228e-01
-4.793849885463714600e-01
2.961819767951965332e-01
2.159452252089977264e-02
5.451791286468505859e-01
1.563735455274581909e-01
-8.232843875885009766e-01
2.441444098949432373e-01
-5.594620108604431152e-01
1.769302636384963989e-01
3.602024912834167480e-01
-3.421417176723480225e-01
-2.924896180629730225e-01
3.404588401317596436e-01
-5.585705041885375977e-01
2.300273180007934570e-01
2.151709944009780884e-01
-5.979433655738830566e-01
-1.132274419069290161e-01
1.979421824216842651e-01
9.759778529405593872e-02
-2.947340607643127441e-01
7.737489789724349976e-02
-7.916956394910812378e-02
-5.258736200630664825e-04
-6.310216337442398071e-02
-1.589009463787078857e-01
-2.255386561155319214e-01
-7.374198436737060547e-01
1.295952051877975464e-01
-8.417653292417526245e-02
2.929900400340557098e-02
-7.761672735214233398e-01
2.273591160774230957e-01
-3.468987047672271729e-01
-2.442621886730194092e-01
1.603329181671142578e-01
-4.651339948177337646e-01
3.240076899528503418e-01
-2.705009877681732178e-01
1.826344877481460571e-01
-2.189850062131881714e-02
2.992070317268371582e-01
-3.848755955696105957e-01
1.098679900169372559e-01
1.464057117700576782e-01
-3.582510054111480713e-01
2.707313299179077148e-01
5.371557474136352539e-01
1.720988005399703979e-01
2.534636557102203369e-01
3.716107308864593506e-01
-1.802308671176433563e-02
-3.780583739280700684e-01
1.746477931737899780e-01
2.557883560657501221e-01
8.393695950508117676e-02
2.287528812885284424e-01
1.997193098068237305e-01
2.012701481580734253e-01
1.123984381556510925e-01
-2.785422205924987793e-01
9.904993325471878052e-02
-2.768486738204956055e-01
1.140103116631507874e-01
1.269436180591583252e-01
3.579508066177368164e-01
2.218630537390708923e-02
3.169385492801666260e-01
3.530172705650329590e-01
1.570013463497161865e-01
9.891860932111740112e-02
-5.288363695144653320e-01
-8.182703256607055664e-01
-2.623061239719390869e-01
-1.767588108777999878e-01
5.359591245651245117e-01
2.147886902093887329e-01
-3.403080403804779053e-01
-5.874813795089721680e-01
-5.392616391181945801e-01
-7.289040088653564453e-02
4.931426420807838440e-02
1.886929869651794434e-01
2.170697152614593506e-01
5.834325775504112244e-02
-2.924720942974090576e-02
-6.627201288938522339e-02
2.521821856498718262e-01
2.023528218269348145e-01
1.525149941444396973e-01
8.370582759380340576e-02
2.070552557706832886e-01
-5.429704189300537109e-01
-7.617868948727846146e-03
5.793867707252502441e-01
5.049439072608947754e-01
1.911792308092117310e-01
2.463446408510208130e-01
2.427906990051269531e-01
5.983940884470939636e-02
4.883609116077423096e-01
1.068780794739723206e-01
2.080046385526657104e-01
7.241821289062500000e-02
2.059894204139709473e-01
-3.339827358722686768e-01
-8.298767358064651489e-02
5.196966975927352905e-02
1.929024606943130493e-01
-4.223645329475402832e-01
-9.066959619522094727e-01
-1.076993271708488464e-01
4.144551455974578857e-01
-1.321970522403717041e-01
-3.224620819091796875e-01
1.958459913730621338e-01
-3.688594698905944824e-01
-5.704606175422668457e-01
-1.674713343381881714e-01
-7.852671146392822266e-01
-1.957872137427330017e-02
2.223256081342697144e-01
7.207949161529541016e-01
2.522053718566894531e-01
2.624407112598419189e-01
1.894533187150955200e-01
-4.770092070102691650e-01
1.487721055746078491e-01
-1.877069473266601562e-02
3.644420504570007324e-01
-5.921943187713623047e-01
6.712887883186340332e-01
3.344044387340545654e-01
-7.815564274787902832e-01
2.414206117391586304e-01
1.004343107342720032e-01
-6.466445922851562500e-01
1.005763411521911621e-01
9.261746890842914581e-03
3.191053867340087891e-01
-4.593446552753448486e-01
6.520598381757736206e-02
2.523592412471771240e-01
-4.592536985874176025e-01
2.365061640739440918e-01
4.339914619922637939e-01
-1.195590794086456299e-01
-3.320022523403167725e-01
2.717548012733459473e-01
1.988791972398757935e-01
-3.594912290573120117e-01
2.096465975046157837e-01
-8.509088754653930664e-01
-5.560859441757202148e-01
1.903967559337615967e-01
-8.009623885154724121e-01
5.394255742430686951e-02
3.563381433486938477e-01
1.900818347930908203e-01
1.917404085397720337e-01
-6.759969592094421387e-01
3.790339529514312744e-01
-6.623089313507080078e-01
-3.994244709610939026e-02
-5.599319338798522949e-01
-3.399511277675628662e-01
4.297564923763275146e-01
8.833705782890319824e-01
-5.631878376007080078e-01
1.330938935279846191e-01
2.265908569097518921e-01
7.139823585748672485e-02
-5.979679524898529053e-02
8.138803765177726746e-03
-8.518456220626831055e-01
-1.617640107870101929e-01
2.436591684818267822e-01
-5.371010303497314453e-01
6.243682280182838440e-02
-3.947405815124511719e-01
1.520992815494537354e-01
2.257952690124511719e-01
-5.059403181076049805e-01
2.570259869098663330e-01
1.915784180164337158e-01
-6.489363312721252441e-01
-6.431586146354675293e-01
2.247303277254104614e-01
1.428370922803878784e-01
3.872499465942382812e-01
2.851758003234863281e-01
-2.077173888683319092e-01
-6.795808672904968262e-02
3.407504782080650330e-02
3.433511257171630859e-01
2.258674204349517822e-01
4.424223601818084717e-01
9.037503972649574280e-03
8.988411724567413330e-02
1.298361867666244507e-01
2.015200406312942505e-01
2.231095582246780396e-01
-4.347724020481109619e-01
1.251610517501831055e-01
4.299178719520568848e-02
3.501606285572052002e-01
7.619445323944091797e-01
-3.958803713321685791e-01
-4.395393133163452148e-01
-2.731126844882965088e-01
-1.230442523956298828e-01
-7.774757146835327148e-01
-5.478553771972656250e-01
-1.264908164739608765e-01
3.124806880950927734e-01
3.193487823009490967e-01
-2.892609536647796631e-01
-1.420080810785293579e-01
-1.811430305242538452e-01
1.932625025510787964e-01
1.365921050310134888e-01
4.035717248916625977e-01
1.559259593486785889e-01
2.936284244060516357e-01
-3.780145347118377686e-01
-5.009945631027221680e-01
-2.061102539300918579e-01
2.610974311828613281e-01
1.357890218496322632e-01
-2.754453122615814209e-01
-4.263465106487274170e-01
-1.649777740240097046e-01
4.333626925945281982e-01
-5.925282239913940430e-01
-9.336904287338256836e-01
8.844806253910064697e-02
3.727979362010955811e-01
-5.536999106407165527e-01
3.545016944408416748e-01
1.272541880607604980e-01
1.935428828001022339e-01
-2.194864749908447266e-01
1.365367472171783447e-01
8.323947340250015259e-02
8.498249948024749756e-02
2.358908057212829590e-01
1.940339952707290649e-01
4.438500478863716125e-02
-1.462118625640869141e-01
2.259180098772048950e-01
8.144497871398925781e-02
-1.211311519145965576e-01
1.063809692859649658e-01
-1.205936074256896973e-01
-7.717592716217041016e-01
-3.033747375011444092e-01
1.984609812498092651e-01
7.544749975204467773e-02
2.646073997020721436e-01
1.652377545833587646e-01
3.832207918167114258e-01
5.406236052513122559e-01
6.315684914588928223e-01
-6.394852399826049805e-01
2.337816208600997925e-01
6.515995264053344727e-01
1.771182715892791748e-01
5.340055227279663086e-01
-2.710850536823272705e-01
-2.616504132747650146e-01
-4.753730893135070801e-01
-4.147492814809083939e-03
-6.166320443153381348e-01
-8.958969116210937500e-01
1.459615379571914673e-01
2.274983227252960205e-01
9.586927294731140137e-02
4.243661463260650635e-01
4.185787439346313477e-01
1.497845202684402466e-01
-4.041682183742523193e-01
9.264539480209350586e-01
-5.279256105422973633e-01
2.382687181234359741e-01
3.572782129049301147e-02
4.165298044681549072e-01
-2.086865901947021484e-01
-5.360832810401916504e-01
2.331294715404510498e-01
-4.993497580289840698e-02
7.122953981161117554e-02
1.008504629135131836e-01
-6.362619400024414062e-01
1.848172396421432495e-02
-5.568242073059082031e-01
-2.976211309432983398e-01
1.655077934265136719e-01
2.765736281871795654e-01
-2.106637656688690186e-01
4.641304016113281250e-01
4.141094982624053955e-01
3.192889690399169922e-01
-1.284373253583908081e-01
-4.250301718711853027e-01
-1.749621182680130005e-01
-5.242534726858139038e-02
-4.770525395870208740e-01
4.223182052373886108e-02
5.143305063247680664e-01
3.473512530326843262e-01
1.486394405364990234e-01
1.883550584316253662e-01
1.473548114299774170e-01
1.803305596113204956e-01
6.697608828544616699e-01
2.143740803003311157e-01
3.794572055339813232e-01
1.286277920007705688e-01
1.365748196840286255e-01
-4.288522899150848389e-01
-5.924303531646728516e-01
8.223720788955688477e-01
3.470394909381866455e-01
7.209886312484741211e-01
-1.436209538951516151e-03
2.115820795297622681e-01
1.726489067077636719e-01
-4.671306908130645752e-01
-1.169565618038177490e-01
-1.258521974086761475e-01
2.268067151308059692e-01
1.278663426637649536e-01
2.978299260139465332e-01
6.681068334728479385e-03
3.962596356868743896e-01
2.384565919637680054e-01
-1.305924504995346069e-01
1.375773549079895020e-01
1.362712234258651733e-01
-1.005244255065917969e+00
-5.361506342887878418e-01
-4.913960397243499756e-02
-6.479513049125671387e-01
-4.812070354819297791e-02
1.105013936758041382e-01
-3.518005013465881348e-01
3.257891833782196045e-01
2.281786203384399414e-01
1.087027639150619507e-01
1.337421834468841553e-01
-9.963834285736083984e-02
-5.423177480697631836e-01
8.403825759887695312e-02
5.289530009031295776e-02
-3.050280734896659851e-02
3.940397500991821289e-01
7.776549458503723145e-02
-2.256311923265457153e-01
-6.971960663795471191e-01
6.002364158630371094e-01
-5.090338587760925293e-01
-1.619915366172790527e-01
6.183902025222778320e-01
2.623040080070495605e-01
2.183329612016677856e-01
1.349160373210906982e-01
1.628421097993850708e-01
1.102085232734680176e+00
1.061097159981727600e-01
1.606186479330062866e-01
-4.807794690132141113e-01
3.751541674137115479e-02
3.275674283504486084e-01
-3.912884891033172607e-01
8.525777459144592285e-01
7.375003397464752197e-02
-1.562839895486831665e-01
-2.935236692428588867e-01
3.876556158065795898e-01
3.677254021167755127e-01
-4.953838884830474854e-01
-1.071004942059516907e-01
1.884411275386810303e-01
1.925242692232131958e-01
-1.557740420103073120e-01
-4.329687729477882385e-02
-8.894898295402526855e-01
1.577609181404113770e-01
-1.538423597812652588e-01
1.737548410892486572e-01
9.166076034307479858e-02
-3.224712908267974854e-01
3.143322467803955078e-01
-1.370193958282470703e-01
-7.333428859710693359e-01
3.559391200542449951e-02
-3.584614694118499756e-01
-5.976939108222723007e-03
2.481304705142974854e-01
3.191756010055541992e-01
3.807319998741149902e-01
-7.343347668647766113e-01
-6.856519728899002075e-02
2.195484638214111328e-01
2.426860928535461426e-01
3.257066756486892700e-02
-4.884647130966186523e-01
3.764593899250030518e-01
1.032857745885848999e-01
4.093743264675140381e-01
-2.529171109199523926e-01
2.772013191133737564e-03
-2.108611017465591431e-01
3.297381475567817688e-02
1.621084101498126984e-02
2.013916820287704468e-01
3.488377332687377930e-01
2.576478123664855957e-01
3.664095997810363770e-01
-5.051462724804878235e-02
3.168103992938995361e-01
3.237918317317962646e-01
2.449898421764373779e-01
6.434930115938186646e-02
2.963251173496246338e-01
1.505054831504821777e-01
1.302017569541931152e-01
2.693035006523132324e-01
-1.335742324590682983e-01
-1.630683839321136475e-01
-8.444430679082870483e-02
-7.957120984792709351e-02
-1.026374220848083496e+00
-1.444586157798767090e+00
1.414100974798202515e-01
2.123617231845855713e-01
4.929898679256439209e-01
2.929983846843242645e-02
-2.404418401420116425e-02
-7.307049632072448730e-01
-6.805406510829925537e-02
-4.230066239833831787e-01
4.048832654953002930e-01
-5.590510368347167969e-01
1.481220722198486328e-01
-7.167431116104125977e-01
-3.012003302574157715e-01
1.859096586704254150e-01
-5.559250712394714355e-01
5.476019978523254395e-01
1.268825400620698929e-02
-6.800575852394104004e-01
3.873453140258789062e-01
1.430621445178985596e-01
-9.883283078670501709e-02
3.396032750606536865e-01
-3.573526144027709961e-01
-4.856542944908142090e-01
4.265924394130706787e-01
-1.218499064445495605e+00
4.435376226902008057e-01
8.772635459899902344e-02
1.459349989891052246e-01
1.243707910180091858e-01
1.912625581026077271e-01
-6.364618539810180664e-01
-2.491865456104278564e-01
-6.398997306823730469e-01
3.852084279060363770e-02
-1.199698925018310547e+00
-1.510059833526611328e-01
1.363622248172760010e-01
-6.313259154558181763e-02
-1.143158227205276489e-01
1.488647144287824631e-02
1.955004222691059113e-02
-5.983101129531860352e-01
-5.506419539451599121e-01
1.150722205638885498e-01
6.026887297630310059e-01
-2.335918545722961426e-01
-9.171599894762039185e-02
-1.278559714555740356e-01
3.342922031879425049e-01
-7.285681366920471191e-01
3.037576079368591309e-01
4.496112465858459473e-01
-3.600390553474426270e-01
-9.864979982376098633e-02
-8.119932375848293304e-03
-9.778062812983989716e-04
2.803060412406921387e-01
-1.268993467092514038e-01
7.032591383904218674e-04
1.892263144254684448e-01
1.315390169620513916e-01
2.228039205074310303e-01
1.383537650108337402e-01
2.492071092128753662e-01
2.239699661731719971e-01
2.528371512889862061e-01
1.089246273040771484e-01
-1.690347641706466675e-01
3.222640156745910645e-01
-8.330528438091278076e-02
9.879082441329956055e-02
3.874757885932922363e-01
-6.995771080255508423e-02
8.741080760955810547e-02
-3.664276897907257080e-01
-8.475404381752014160e-01
-1.871907263994216919e-01
4.896013438701629639e-02
-2.021894305944442749e-01
-3.975094258785247803e-01
2.141364067792892456e-01
1.602755337953567505e-01
4.437537491321563721e-01
-8.511744737625122070e-01
-3.625758364796638489e-02
-7.053653597831726074e-01
1.541515439748764038e-01
-1.548304408788681030e-01
-2.718867361545562744e-01
4.145881906151771545e-02
1.139060556888580322e-01
1.066726967692375183e-01
-6.225426793098449707e-01
2.498512268066406250e-01
-3.880189359188079834e-01
7.621727883815765381e-02
5.948863923549652100e-02
-9.634383767843246460e-02
1.533676087856292725e-01
5.785001069307327271e-02
1.366882622241973877e-01
-4.340493381023406982e-01
1.764517873525619507e-01
1.278469860553741455e-01
2.197081148624420166e-01
-1.036806926131248474e-01
-1.890456229448318481e-01
4.667521417140960693e-01
-5.676518678665161133e-01
1.714951694011688232e-01
3.268013894557952881e-01
9.376538544893264771e-02
-3.740923106670379639e-01
-3.304736018180847168e-01
2.171457707881927490e-01
2.151090651750564575e-01
-6.342059373855590820e-01
-2.178840339183807373e-01
1.898260600864887238e-02
-2.938565015792846680e-01
-5.100270509719848633e-01
3.198068737983703613e-01
2.081785351037979126e-01
-3.174501936882734299e-03
-1.457910984754562378e-01
-1.256456598639488220e-02
3.814312219619750977e-01
-1.502389907836914062e-01
-1.081429839134216309e+00
3.180826902389526367e-01
1.151103824377059937e-01
2.372945845127105713e-01
7.334913313388824463e-02
1.652166247367858887e-01
-1.143880724906921387e+00
-2.250025868415832520e-01
1.412280350923538208e-01
5.583239793777465820e-01
1.530331969261169434e-01
-1.857302188873291016e-01
1.120693907141685486e-01
3.105357587337493896e-01
2.974837720394134521e-01
-2.867121398448944092e-01
1.459281742572784424e-01
2.657093405723571777e-01
3.968634009361267090e-01
2.103395313024520874e-01
1.399649977684020996e-01
