-2.885420247912406921e-02
5.388383194804191589e-02
-1.150154322385787964e-01
-5.685352087020874023e-01
-1.560612618923187256e-01
-5.547246709465980530e-02
-1.137420460581779480e-01
6.778778135776519775e-02
-3.747758567333221436e-01
-1.050633043050765991e-01
7.774323970079421997e-02
-4.443965479731559753e-02
1.173884347081184387e-01
7.041151076555252075e-02
-1.979996114969253540e-01
-5.562117695808410645e-02
1.187089756131172180e-01
-1.007177233695983887e-01
3.945626914501190186e-01
-1.288052648305892944e-01
1.235831081867218018e-01
-9.564886987209320068e-02
1.138015165925025940e-01
3.672750890254974365e-01
2.576487064361572266e-01
-5.116675496101379395e-01
7.220550905913114548e-03
-1.245055571198463440e-01
4.037927091121673584e-01
6.390989422798156738e-01
1.466716378927230835e-01
-4.263709764927625656e-03
1.016737148165702820e-01
2.471002787351608276e-01
1.087452471256256104e-01
2.944589257240295410e-01
-5.499575659632682800e-02
3.282106295228004456e-02
2.775334417819976807e-01
-8.881964534521102905e-02
3.437480702996253967e-02
2.140002697706222534e-01
-1.256475108675658703e-03
9.843350946903228760e-02
-1.741615980863571167e-01
-8.776827901601791382e-02
-2.484831260517239571e-03
-1.321826428174972534e-01
-1.960460543632507324e-01
-3.633390069007873535e-01
-1.803957857191562653e-02
-2.060253620147705078e-01
3.767958283424377441e-01
-8.007858879864215851e-03
5.186418071389198303e-03
-3.212072700262069702e-02
-4.904006421566009521e-01
5.263291001319885254e-01
-2.292326837778091431e-02
-4.990567639470100403e-02
-8.089108765125274658e-02
-5.393095016479492188e-01
5.499925017356872559e-01
1.063911803066730499e-02
5.852096900343894958e-02
1.204054709523916245e-02
-5.607589483261108398e-01
3.485607206821441650e-01
2.051818966865539551e-01
-6.752695143222808838e-02
-9.901931881904602051e-02
-3.420393764972686768e-01
3.900880813598632812e-01
-2.839525975286960602e-02
1.017388477921485901e-01
1.197352185845375061e-01
1.224198713898658752e-01
2.999918758869171143e-01
2.697647213935852051e-01
2.670959532260894775e-01
1.560459434986114502e-01
-1.021974086761474609e-01
-2.282604873180389404e-01
-3.440207540988922119e-01
-3.122493028640747070e-01
-2.885013446211814880e-02
5.790041014552116394e-02
-4.417194053530693054e-02
-1.351616233587265015e-01
8.498775213956832886e-02
2.177042886614799500e-02
-7.135779410600662231e-02
4.183705523610115051e-02
-7.989929616451263428e-02
-1.529051959514617920e-01
-3.319415748119354248e-01
-3.910427987575531006e-01
1.538019180297851562e-01
2.753124833106994629e-01
4.426666796207427979e-01
-5.651137605309486389e-02
-1.807105690240859985e-01
3.869846090674400330e-02
2.481617629528045654e-01
6.717399507761001587e-02
2.546872012317180634e-02
-3.378342092037200928e-02
-1.183483302593231201e-01
9.772958606481552124e-02
1.634068489074707031e-01
1.260093152523040771e-01
4.233310744166374207e-02
1.309471428394317627e-01
5.253082606941461563e-03
-2.973719537258148193e-01
1.247732117772102356e-01
8.557619154453277588e-02
-4.614965319633483887e-01
-8.806437253952026367e-01
-6.835379004478454590e-01
-7.395420223474502563e-02
-6.572202593088150024e-02
6.571448594331741333e-02
-9.923709183931350708e-02
-1.736691594123840332e-01
1.606191098690032959e-01
-7.218117117881774902e-01
-2.187393903732299805e-01
-7.338114082813262939e-02
9.632220119237899780e-02
-1.677190959453582764e-01
-8.721206188201904297e-01
-2.378580570220947266e-01
-1.057039108127355576e-02
8.555458486080169678e-02
2.410627156496047974e-02
-4.498974978923797607e-01
5.569801107048988342e-02
5.659111589193344116e-02
6.202482804656028748e-02
-2.880491688847541809e-02
-1.307560354471206665e-01
1.821676641702651978e-02
5.410121381282806396e-02
5.974364280700683594e-02
-7.082320004701614380e-02
-1.048441231250762939e-01
4.094110056757926941e-02
1.162859424948692322e-01
5.430397391319274902e-02
