-2.807070612907409668e-01
-1.105176925659179688e+00
-1.791201949119567871e+00
-1.468106746673583984e+00
-5.672086477279663086e-01
-1.939037740230560303e-01
-3.676481544971466064e-01
-2.745469808578491211e-01
3.721289709210395813e-02
7.934404164552688599e-02
-1.470397412776947021e-02
-8.730164915323257446e-02
4.736194387078285217e-02
2.305417060852050781e-01
3.186540603637695312e-01
-8.152321726083755493e-02
-8.142116665840148926e-02
3.730634599924087524e-02
1.628254055976867676e-01
4.019892215728759766e-02
-1.640741825103759766e-01
-2.936762385070323944e-02
5.377430841326713562e-02
7.615797221660614014e-02
1.291602849960327148e-02
1.409336030483245850e-01
4.030984267592430115e-02
-1.060971245169639587e-01
1.604307144880294800e-01
1.232317909598350525e-01
3.342524468898773193e-01
1.933442950248718262e-01
7.020195573568344116e-02
-1.126760318875312805e-01
-7.469765841960906982e-02
-1.619353517889976501e-02
-1.459040194749832153e-01
-2.443184554576873779e-01
-2.556630074977874756e-01
-1.446695029735565186e-01
-2.921088635921478271e-01
-1.717382371425628662e-01
1.217091232538223267e-01
1.289120037108659744e-02
3.807496652007102966e-02
-5.921954289078712463e-02
-4.724780470132827759e-02
3.268975298851728439e-03
1.487426310777664185e-01
2.101095765829086304e-01
1.715903580188751221e-01
4.961630329489707947e-02
-4.601674154400825500e-02
4.657116532325744629e-02
1.171267852187156677e-01
-4.035669192671775818e-02
4.298310726881027222e-02
1.474473029375076294e-01
6.597094982862472534e-02
3.022275678813457489e-02
-9.812155365943908691e-02
2.311636134982109070e-02
-8.833897858858108521e-02
-1.121678575873374939e-01
-2.131996154785156250e-01
-4.820809408556669950e-04
-5.467864125967025757e-02
-9.420131146907806396e-02
-7.941617071628570557e-02
-1.487099677324295044e-01
1.334771364927291870e-01
-5.820906162261962891e-02
-1.092984713613986969e-02
-6.208396703004837036e-02
-7.242374122142791748e-02
1.650484949350357056e-01
2.086465358734130859e-01
-1.953831315040588379e-01
4.894661530852317810e-02
3.710701167583465576e-01
-1.507854610681533813e-01
1.494289338588714600e-01
-2.291780561208724976e-01
-2.285580150783061981e-02
1.213603392243385315e-01
-4.490289837121963501e-02
-4.773740656673908234e-04
-2.081237286329269409e-01
-3.743246197700500488e-02
-3.540203720331192017e-02
2.454153634607791901e-02
-1.068249195814132690e-01
-5.413036048412322998e-02
1.830032095313072205e-02
1.299539357423782349e-01
1.227118894457817078e-01
6.023957207798957825e-02
1.077574789524078369e-01
3.977063670754432678e-02
1.171055138111114502e-01
-1.168715953826904297e-01
-2.221752554178237915e-01
-8.049476891756057739e-02
1.308931857347488403e-01
1.875448971986770630e-01
2.287993393838405609e-02
-1.687518060207366943e-01
-2.158844470977783203e-02
3.399698808789253235e-02
5.486268922686576843e-02
1.351534295827150345e-02
-1.257671564817428589e-01
-3.870633617043495178e-02
-1.043888852000236511e-01
-1.410371065139770508e-01
-5.072821378707885742e-01
-2.561860382556915283e-01
1.187860686331987381e-02
-3.992914408445358276e-02
4.737205430865287781e-02
-1.983119398355484009e-01
-1.598218083381652832e-01
1.580013334751129150e-01
2.657561600208282471e-01
3.824061155319213867e-01
1.769910603761672974e-01
-7.702625542879104614e-02
-3.094660341739654541e-01
4.727201070636510849e-03
3.021243214607238770e-01
-6.228071451187133789e-02
-2.907134359702467918e-03
-2.218922227621078491e-01
-5.493240803480148315e-02
6.851494312286376953e-02
1.209930256009101868e-01
1.979385614395141602e-01
-1.486337860114872456e-03
1.832972168922424316e-01
1.358608454465866089e-01
1.079599931836128235e-01
1.256998777389526367e-01
-1.430202871561050415e-01
4.180371016263961792e-02
-1.477381289005279541e-01
1.332852989435195923e-01
-3.507086336612701416e-01
-1.278691589832305908e-01
-2.288227081298828125e-01
-2.423320263624191284e-01
3.962443396449089050e-02
-1.761827468872070312e-01
1.965139806270599365e-02
8.520187437534332275e-02
7.658883184194564819e-02
5.257716029882431030e-02
-2.196987867355346680e-01
-4.576085880398750305e-02
1.354013383388519287e-01
3.471348285675048828e-01
-4.225310087203979492e-01
-6.137048825621604919e-02
7.499186694622039795e-02
-1.913605374284088612e-03
-2.665739692747592926e-02
1.178430989384651184e-01
3.868904709815979004e-02
-3.658505529165267944e-02
3.737355768680572510e-02
-1.511688530445098877e-01
3.845473751425743103e-02
-2.532703280448913574e-01
-1.819499582052230835e-01
-3.946668282151222229e-02
-9.830538183450698853e-02
-3.363778293132781982e-01
1.038503721356391907e-01
-1.029268428683280945e-01
5.104826297610998154e-03
8.434756658971309662e-03
-3.401212021708488464e-02
5.739819258451461792e-02
1.491890698671340942e-01
-6.080418080091476440e-02
-7.345831952989101410e-03
-6.757644563913345337e-02
8.745764195919036865e-02
-1.221278589218854904e-02
-8.191624283790588379e-02
1.652823016047477722e-02
1.629873178899288177e-02
9.251550585031509399e-02
-1.148791462182998657e-01
1.006914023309946060e-02
-7.079716026782989502e-02
7.287644594907760620e-02
-1.167238652706146240e-01
-1.029061153531074524e-01
3.955977410078048706e-02
-3.208740055561065674e-02
1.102965995669364929e-01
8.472977578639984131e-02
4.689345601946115494e-03
-7.330309599637985229e-02
-1.659519374370574951e-01
1.165577247738838196e-01
-1.033324375748634338e-01
-3.969790041446685791e-02
-7.939527183771133423e-02
-9.923987835645675659e-02
-1.045751124620437622e-01
-1.960842907428741455e-01
-9.950934350490570068e-02
-1.604463160037994385e-01
-5.273297056555747986e-02
1.222089026123285294e-02
-1.488277968019247055e-02
1.172270849347114563e-01
6.783808581531047821e-03
-3.936211578547954559e-03
-5.329936146736145020e-01
3.324908670037984848e-03
9.168476611375808716e-02
6.310721486806869507e-02
9.821530431509017944e-02
1.460710912942886353e-01
-4.110940266400575638e-03
1.328924149274826050e-01
2.897535264492034912e-01
1.088821366429328918e-01
1.459660083055496216e-01
5.729689821600914001e-02
-1.752308011054992676e-02
1.561027318239212036e-01
1.339003741741180420e-01
1.216218024492263794e-01
-1.229802295565605164e-01
-2.964087063446640968e-03
-6.351644406095147133e-04
-2.955628931522369385e-02
-1.432639658451080322e-01
-5.762387067079544067e-02
1.756766587495803833e-01
-6.067151203751564026e-02
-4.426202271133661270e-03
-8.294497616589069366e-03
2.265484482049942017e-01
1.272404938936233521e-01
-1.505587436258792877e-02
4.402310121804475784e-03
-7.676062583923339844e-01
-4.669715464115142822e-01
-3.489759936928749084e-02
5.347234606742858887e-01
3.193677961826324463e-01
-2.048250287771224976e-01
3.500496745109558105e-01
4.330738782882690430e-01
8.228451758623123169e-02
-2.609915137290954590e-01
2.043537944555282593e-01
4.476070404052734375e-01
1.976969391107559204e-01
-3.532098829746246338e-01
-3.305047452449798584e-01
6.935309171676635742e-01
3.542553782463073730e-01
-6.051514670252799988e-02
-2.695355117321014404e-01
-1.072452813386917114e-01
6.419527530670166016e-01
9.976896643638610840e-02
-1.617214232683181763e-01
-1.529625803232192993e-01
-2.107745856046676636e-01
2.848145663738250732e-01
2.677887380123138428e-01
-2.315893024206161499e-01
-1.138289332389831543e+00
-4.696533679962158203e-01
2.675108611583709717e-01
-2.460003644227981567e-01
-9.388073682785034180e-01
-4.808945059776306152e-01
1.781232953071594238e-01
1.936901547014713287e-02
-5.511143803596496582e-01
-2.809816002845764160e-01
1.337765306234359741e-01
1.577563881874084473e-01
-1.556554138660430908e-01
-4.653605818748474121e-01
4.942659661173820496e-02
3.068251609802246094e-01
-1.078498214483261108e-01
-2.721959352493286133e-01
3.374777138233184814e-01
5.169455409049987793e-01
2.933788895606994629e-01
-1.284589767456054688e-01
1.043827235698699951e-01
3.982412163168191910e-03
-1.185415387153625488e-01
-4.925522208213806152e-02
1.119457334280014038e-01
2.582451701164245605e-01
2.690939605236053467e-02
-1.208558082580566406e-01
-1.256339699029922485e-01
-2.911197952926158905e-02
1.630127727985382080e-01
1.816233545541763306e-01
1.278671026229858398e-01
7.666033506393432617e-02
2.133698289981111884e-04
-8.166193962097167969e-02
-2.875931374728679657e-02
-5.754332616925239563e-02
-8.658775687217712402e-02
-4.262768104672431946e-02
1.031256020069122314e-01
1.735787987709045410e-01
-9.876897186040878296e-02
-5.814559385180473328e-02
-3.192028403282165527e-02
-2.503162026405334473e-01
-1.162777766585350037e-01
-1.403254363685846329e-02
1.213608533143997192e-01
1.463198065757751465e-01
9.612315148115158081e-02
9.065499529242515564e-03
9.407190978527069092e-02
6.204691156744956970e-02
2.420550957322120667e-02
-2.401127852499485016e-02
-1.016589254140853882e-01
-9.716365486383438110e-02
-3.855626285076141357e-02
-4.786711558699607849e-02
-7.644168101251125336e-03
1.481928583234548569e-02
-2.858430892229080200e-02
-1.541809458285570145e-02
-8.526547998189926147e-02
3.346418216824531555e-02
1.282706949859857559e-02
-4.423836991190910339e-02
-6.263438612222671509e-03
-6.912502925843000412e-03
-3.465970456600189209e-01
-1.843522906303405762e+00
-2.054953575134277344e+00
-1.241041541099548340e+00
-4.691993892192840576e-01
-3.457740545272827148e-01
-3.830615580081939697e-01
-4.100908041000366211e-01
-3.092329800128936768e-01
-5.864952504634857178e-02
-3.623147308826446533e-02
1.487071514129638672e-01
-1.426862902007997036e-03
4.106651619076728821e-02
-2.593384869396686554e-02
8.418205380439758301e-02
1.891207545995712280e-01
1.873778849840164185e-01
1.256926953792572021e-01
8.261318504810333252e-02
-5.850202962756156921e-02
6.325673311948776245e-02
3.214073479175567627e-01
9.996546804904937744e-02
-5.281309038400650024e-02
9.041533805429935455e-03
2.537167072296142578e-01
4.326456487178802490e-01
2.396009117364883423e-01
-2.504961192607879639e-02
5.793256312608718872e-02
1.274574846029281616e-01
2.875456809997558594e-01
9.354062378406524658e-02
-8.481355011463165283e-02
7.670222967863082886e-02
-2.823809348046779633e-02
1.337202489376068115e-01
4.414030909538269043e-02
-5.624570697546005249e-02
2.043997310101985931e-02
1.084187254309654236e-01
1.272948235273361206e-01
-3.071086294949054718e-02
6.868562102317810059e-02
-6.697439402341842651e-02
2.874366007745265961e-02
1.406936049461364746e-01
2.360884845256805420e-02
1.409154832363128662e-01
2.765384912490844727e-01
-1.537285279482603073e-02
-3.576291203498840332e-01
-8.956786990165710449e-02
9.429804235696792603e-02
-9.333393722772598267e-02
-1.068169698119163513e-01
6.696578115224838257e-02
-7.985325902700424194e-02
6.102725863456726074e-02
1.119714230298995972e-01
2.788336947560310364e-02
-6.706675887107849121e-02
-1.950961798429489136e-01
6.728624552488327026e-02
5.038440227508544922e-02
-1.303772330284118652e-01
9.754005819559097290e-02
-8.304180949926376343e-02
1.094719860702753067e-02
1.820113658905029297e-01
-8.358397334814071655e-02
1.418430358171463013e-01
6.413387507200241089e-02
1.069179698824882507e-01
1.285670995712280273e-01
9.144810587167739868e-02
2.042699009180068970e-01
1.667073369026184082e-02
-2.764013111591339111e-01
3.712142631411552429e-02
1.010560765862464905e-01
5.528872832655906677e-02
-3.972394764423370361e-01
-4.859370887279510498e-01
-3.108671307563781738e-01
-4.190497696399688721e-01
-4.789141714572906494e-01
-1.461865156888961792e-01
-2.934768795967102051e-01
-1.927704811096191406e-01
-1.258695870637893677e-01
-5.026625394821166992e-01
-2.752390801906585693e-01
-6.142271757125854492e-01
-9.583203122019767761e-03
2.935599684715270996e-01
1.766636073589324951e-01
2.352590858936309814e-01
-9.349273145198822021e-02
2.624181807041168213e-01
-2.078434675931930542e-01
-2.997418344020843506e-01
-2.608093917369842529e-01
-3.383446717634797096e-03
4.447486624121665955e-02
1.923918128013610840e-01
3.418767154216766357e-01
1.209204941987991333e-01
-3.925121724605560303e-01
3.400834798812866211e-01
1.857367530465126038e-02
-2.933631837368011475e-01
-3.820599317550659180e-01
3.721183165907859802e-02
1.852209419012069702e-01
-1.190248802304267883e-01
-3.081408441066741943e-01
-1.005872637033462524e-01
1.679742932319641113e-01
3.096166811883449554e-02
1.430208235979080200e-02
-2.809576094150543213e-01
-4.369349181652069092e-01
-2.955310940742492676e-01
2.180544286966323853e-01
3.065782189369201660e-01
3.693855106830596924e-01
2.052999734878540039e-01
3.924166783690452576e-02
-1.085923165082931519e-01
4.670585319399833679e-02
1.298963427543640137e-01
1.546367108821868896e-01
2.308115363121032715e-01
-6.786079704761505127e-02
5.805113911628723145e-02
1.206401288509368896e-01
2.647720873355865479e-01
6.985486298799514771e-02
-2.708235979080200195e-01
-2.387883216142654419e-01
-3.509360551834106445e-01
-8.770062029361724854e-02
1.314137578010559082e-01
-2.049522399902343750e-01
-3.796234428882598877e-01
-3.046136498451232910e-01
-1.304621249437332153e-01
1.245704479515552521e-04
8.138937503099441528e-02
2.428161501884460449e-01
4.679981768131256104e-01
4.344932734966278076e-01
1.842514723539352417e-01
-4.644192382693290710e-02
-8.423259854316711426e-02
-1.031954213976860046e-01
-2.423125654458999634e-01
-2.310941368341445923e-01
-1.412271559238433838e-01
-4.376607760787010193e-02
-1.546103209257125854e-01
-3.270557522773742676e-01
-2.377410978078842163e-01
-2.123708836734294891e-02
-2.817361056804656982e-02
-3.384218364953994751e-02
-8.428403735160827637e-02
-8.478205651044845581e-02
1.070651113986968994e-01
1.102787032723426819e-01
-1.382383424788713455e-02
-1.131428405642509460e-01
-3.131617307662963867e-01
-8.840758353471755981e-02
-7.563609629869461060e-02
1.381350010633468628e-01
2.967309355735778809e-01
-6.436441540718078613e-01
9.135534614324569702e-02
3.757239505648612976e-02
-6.526852399110794067e-02
1.087755709886550903e-01
3.595003485679626465e-01
-4.854166135191917419e-02
-7.530502229928970337e-02
1.650230735540390015e-01
3.963362872600555420e-01
3.497833013534545898e-01
-3.724189847707748413e-02
-1.401463896036148071e-01
5.015780776739120483e-02
8.463045954704284668e-02
1.285056024789810181e-01
-5.397852882742881775e-02
1.816933788359165192e-02
3.360112011432647705e-02
-1.580210477113723755e-01
5.745341628789901733e-02
1.137184798717498779e-01
1.547978371381759644e-01
2.984147518873214722e-02
-5.111949443817138672e-01
-6.632718443870544434e-01
-7.889981381595134735e-03
-4.374627023935317993e-02
-2.766730636358261108e-02
1.759936362504959106e-01
4.189979657530784607e-02
-2.819811739027500153e-02
-2.272695153951644897e-01
6.363783776760101318e-02
2.119684219360351562e-01
1.198345497250556946e-01
-8.537939720554277301e-06
-1.796077638864517212e-01
-6.306906789541244507e-02
-1.949163526296615601e-02
1.668204516172409058e-01
9.515913575887680054e-02
-6.221867725253105164e-02
7.125438749790191650e-02
-9.611883014440536499e-02
1.807031631469726562e-01
1.614550501108169556e-01
1.826369762420654297e-01
3.287544250488281250e-01
1.966102570295333862e-01
-4.174514412879943848e-01
-1.794268786907196045e-01
-2.146434038877487183e-02
1.572701781988143921e-01
4.283567368984222412e-01
-1.328496456146240234e+00
1.131401807069778442e-01
-8.110699057579040527e-02
-1.429931372404098511e-01
-7.721442580223083496e-01
-2.220364958047866821e-01
-4.781890660524368286e-02
-6.063506379723548889e-02
-1.856965124607086182e-01
7.129428535699844360e-02
4.259164631366729736e-01
1.357799302786588669e-02
6.241247057914733887e-02
2.089274674654006958e-02
-1.437391936779022217e-01
-2.140674144029617310e-01
4.592806473374366760e-02
4.768593981862068176e-02
-1.234799772500991821e-01
3.372708102688193321e-03
2.707123011350631714e-02
-3.438028991222381592e-01
-2.899509966373443604e-01
-9.925500303506851196e-02
-2.205880125984549522e-03
-3.655295670032501221e-01
1.113045215606689453e-01
3.283085823059082031e-01
-1.162741854786872864e-01
-1.464989036321640015e-01
-9.749498963356018066e-02
-9.117898531258106232e-03
2.228590399026870728e-01
2.201208472251892090e-01
5.455938354134559631e-02
-2.746279239654541016e-01
2.402160875499248505e-02
-8.196069300174713135e-02
-5.964768677949905396e-02
-1.347763538360595703e+00
-7.348863482475280762e-01
8.571220189332962036e-02
1.216187551617622375e-01
3.753173947334289551e-01
3.898762762546539307e-01
-1.636437699198722839e-02
-1.484847217798233032e-01
-1.328534781932830811e-01
-3.507538139820098877e-02
1.230043321847915649e-01
-2.702408097684383392e-02
-5.085211247205734253e-02
-1.164654493331909180e-01
-1.781548000872135162e-02
1.659892797470092773e-01
-1.259133964776992798e-01
2.823000401258468628e-02
-5.258091911673545837e-02
-1.845872849225997925e-01
-1.431689225137233734e-02
-5.706580355763435364e-02
7.383186370134353638e-02
1.201539263129234314e-01
7.794610410928726196e-02
-9.170094132423400879e-02
-1.730960160493850708e-01
-1.068443246185779572e-02
-6.930346786975860596e-02
-8.212332427501678467e-02
2.047393471002578735e-01
3.845866620540618896e-01
8.475734852254390717e-03
3.282891213893890381e-02
-1.227378174662590027e-01
-1.460934728384017944e-01
-1.835154294967651367e-01
4.097083210945129395e-02
1.389316618442535400e-01
-9.612808004021644592e-03
-2.284917682409286499e-01
8.139093220233917236e-02
5.381340160965919495e-02
4.156786203384399414e-02
-1.519268304109573364e-01
-1.818375438451766968e-01
1.709052734076976776e-02
-8.539020083844661713e-03
-9.098016656935214996e-03
-1.049847528338432312e-01
1.008483543992042542e-01
6.376208066940307617e-01
-1.475693732500076294e-01
-1.458688825368881226e-01
-1.510413289070129395e-01
6.091991905122995377e-03
-3.783669769763946533e-01
-4.350524023175239563e-02
-2.044113352894783020e-02
-2.691819146275520325e-02
-1.443249136209487915e-01
-1.060056388378143311e-01
-1.100701615214347839e-01
-1.118964180350303650e-01
7.760366797447204590e-02
-2.104014158248901367e-01
-7.155905943363904953e-03
-5.692590028047561646e-02
-4.296010360121726990e-02
1.230693012475967407e-01
-2.037953138351440430e-01
1.433030664920806885e-01
-1.337540596723556519e-01
-6.426391005516052246e-02
8.366011828184127808e-02
-1.910564601421356201e-01
3.179613351821899414e-01
-9.526867506792768836e-05
1.915434375405311584e-02
7.794442772865295410e-02
1.199897676706314087e-01
-6.078467369079589844e-01
-1.081449561752378941e-03
-2.174917459487915039e-01
-1.786053776741027832e-01
-2.633981108665466309e-01
-1.301174610853195190e-01
-6.755848228931427002e-02
-6.201707720756530762e-01
-2.077711820602416992e-01
-2.008498013019561768e-01
-1.545022428035736084e-01
4.147135838866233826e-02
-6.733073387295007706e-03
3.140972852706909180e-01
6.937544792890548706e-02
-7.040989398956298828e-01
-9.118745103478431702e-03
-5.088860169053077698e-02
4.914906322956085205e-01
2.131694257259368896e-01
-7.129822969436645508e-01
1.758471131324768066e-01
1.809779703617095947e-01
1.078160777688026428e-01
1.078848913311958313e-01
-1.571700870990753174e-01
4.098006337881088257e-02
-9.928362071514129639e-02
-5.056750774383544922e-01
-1.869818121194839478e-01
-2.516406774520874023e-01
4.463721066713333130e-02
3.437854349613189697e-02
-3.244878351688385010e-01
-1.744003742933273315e-01
-1.566894799470901489e-01
-1.618017628788948059e-02
1.141372174024581909e-01
-1.781584769487380981e-01
-2.721623778343200684e-01
2.247123569250106812e-01
-1.576433628797531128e-01
2.268985845148563385e-02
-4.432180523872375488e-02
8.347941935062408447e-02
9.932005405426025391e-01
1.366662085056304932e-01
1.121389046311378479e-01
7.578522711992263794e-02
-3.616362810134887695e-02
-1.610694676637649536e-01
-1.716473847627639771e-01
-6.786529719829559326e-02
-6.540862470865249634e-02
-1.532252579927444458e-01
-3.766806423664093018e-02
-1.365664005279541016e-01
-5.378439277410507202e-02
-2.720043361186981201e-01
-1.560442894697189331e-01
-3.773275017738342285e-02
3.278997242450714111e-01
1.061152201145887375e-02
-3.908412996679544449e-03
-3.101494349539279938e-02
-4.399780184030532837e-02
2.849264442920684814e-01
1.305941790342330933e-01
1.619536727666854858e-01
1.787613183259963989e-01
2.307560443878173828e-01
-2.651803791522979736e-01
-1.251341104507446289e-01
4.408884327858686447e-03
1.625791564583778381e-02
3.546238318085670471e-02
6.461010873317718506e-02
1.448275521397590637e-03
-3.740884829312562943e-03
1.069147605448961258e-03
7.707185298204421997e-02
-8.032087236642837524e-02
-2.916813455522060394e-02
1.122077628970146179e-01
7.047998905181884766e-02
1.357700228691101074e-01
-1.172794997692108154e-01
4.090812057256698608e-03
-1.560027059167623520e-02
-8.920569904148578644e-03
1.142830178141593933e-01
1.254950463771820068e-01
8.978493511676788330e-02
7.794836163520812988e-02
1.083620786666870117e-01
1.204479932785034180e-01
6.059007346630096436e-02
1.944187283515930176e-01
4.456757009029388428e-02
-4.993735812604427338e-03
-5.166832357645034790e-02
-8.217068761587142944e-02
1.375493500381708145e-02
3.374671936035156250e-02
-9.145561605691909790e-03
9.272106736898422241e-02
-1.627825759351253510e-02
4.377311840653419495e-02
5.965114384889602661e-02
5.995339900255203247e-02
3.183358907699584961e-02
5.612413957715034485e-02
-8.613305538892745972e-02
-1.669110804796218872e-01
-3.377489000558853149e-02
-8.253100514411926270e-02
-3.378877341747283936e-01
-2.498723506927490234e+00
-2.375775337219238281e+00
-2.503759264945983887e-01
-5.884168297052383423e-02
2.694898545742034912e-01
1.928028613328933716e-01
1.529212743043899536e-01
2.980284951627254486e-02
1.711468249559402466e-01
2.158090323209762573e-01
1.568677723407745361e-01
-2.303963899612426758e-02
-5.071780830621719360e-02
5.345286428928375244e-02
2.305529713630676270e-01
-1.890139728784561157e-01
-1.730254739522933960e-01
-1.237577944993972778e-01
-1.700557619333267212e-01
2.214344143867492676e-01
-1.031811013817787170e-01
-1.829362213611602783e-01
-1.348011940717697144e-01
5.780325829982757568e-02
-1.937496662139892578e-01
-1.761187911033630371e-01
-8.524668216705322266e-02
-4.211277514696121216e-02
1.577800065279006958e-01
-1.108868941664695740e-01
-2.265784144401550293e-01
-2.371703088283538818e-01
-1.192249357700347900e-01
-9.811890125274658203e-02
-1.783786714076995850e-01
1.633823034353554249e-03
1.121732033789157867e-02
-1.088636592030525208e-01
-1.827211230993270874e-01
9.928812831640243530e-02
1.763226091861724854e-01
1.951529234647750854e-01
6.671440601348876953e-02
-4.964779317378997803e-02
3.002924323081970215e-01
1.026140302419662476e-01
5.713512003421783447e-02
-2.716854028403759003e-02
-4.914497956633567810e-03
2.986101508140563965e-01
-7.106457487680017948e-04
-7.272482663393020630e-02
-1.175312995910644531e-01
2.648006565868854523e-02
-1.886192262172698975e-01
1.192821636795997620e-01
2.197132706642150879e-01
1.721445918083190918e-01
9.304232895374298096e-02
-2.497755736112594604e-01
-1.828628182411193848e-01
7.917683571577072144e-02
-1.205650493502616882e-01
-4.817227646708488464e-02
-1.502827256917953491e-01
-6.304504722356796265e-02
1.165625546127557755e-02
3.390219807624816895e-02
8.178454823791980743e-03
-2.423787117004394531e-01
-7.574986815452575684e-01
-1.075382828712463379e+00
-3.639945685863494873e-01
-1.016452237963676453e-01
-2.780556976795196533e-01
-5.998587608337402344e-01
-1.510471820831298828e+00
-1.404839277267456055e+00
-3.581703603267669678e-01
-1.690662503242492676e-01
7.158704102039337158e-02
1.323262155055999756e-01
6.943553686141967773e-02
2.922433018684387207e-01
2.871273159980773926e-01
2.766987383365631104e-01
1.468295603990554810e-01
-3.365980926901102066e-03
2.178872525691986084e-01
6.360427290201187134e-02
-1.529511958360671997e-01
4.371624812483787537e-02
-1.442412436008453369e-01
-2.595918066799640656e-02
-1.603375822305679321e-01
-2.490860372781753540e-01
-7.319724559783935547e-02
-2.571514435112476349e-02
-4.493200406432151794e-02
-2.886489592492580414e-02
6.558308843523263931e-03
-1.426184829324483871e-02
2.008781284093856812e-01
2.518504858016967773e-01
2.511018216609954834e-01
-4.298539161682128906e-01
-4.809502065181732178e-01
-1.626444905996322632e-01
2.537806332111358643e-01
1.413820534944534302e-01
-8.394317328929901123e-02
-1.162791401147842407e-01
-2.191670536994934082e-01
1.084992438554763794e-01
-1.365070492029190063e-01
-3.662349283695220947e-01
-1.835870146751403809e-01
-7.430938538163900375e-03
1.573851555585861206e-01
-1.865382790565490723e-01
-1.142245680093765259e-01
-4.552335292100906372e-02
5.948517471551895142e-02
-1.715523451566696167e-01
-2.638363838195800781e-02
-4.917607456445693970e-02
1.102627217769622803e-01
6.378238555043935776e-03
-2.066000252962112427e-01
4.261374771595001221e-01
1.227227896451950073e-01
1.125203445553779602e-01
-9.103721380233764648e-02
-1.397941112518310547e-01
-3.576535582542419434e-01
-1.414506733417510986e-01
-1.972444802522659302e-01
-1.491212844848632812e-01
-2.395801804959774017e-02
1.291774306446313858e-02
-2.166844531893730164e-02
-8.956943452358245850e-02
5.998065695166587830e-02
2.611325494945049286e-02
6.831256300210952759e-02
7.834689319133758545e-02
7.099645584821701050e-02
1.211465299129486084e-01
1.183239966630935669e-01
3.029479682445526123e-01
1.266667842864990234e-01
-7.340653799474239349e-03
2.692192792892456055e-02
-5.443890392780303955e-02
2.112825401127338409e-02
-1.100277975201606750e-01
-7.755929976701736450e-02
-9.289934486150741577e-02
-6.849282234907150269e-02
-1.460223458707332611e-03
2.763957902789115906e-02
8.123544603586196899e-02
1.234596967697143555e-01
-2.247700467705726624e-02
1.121295765042304993e-01
1.067183241248130798e-01
1.470986902713775635e-01
1.222231164574623108e-01
1.128090247511863708e-01
-1.014739274978637695e-02
-6.701271981000900269e-03
8.179856091737747192e-02
-1.325060725212097168e-01
9.585013985633850098e-02
-6.269784271717071533e-02
-1.112896800041198730e-01
-1.281361579895019531e-01
-2.464706301689147949e-01
-6.502602994441986084e-02
4.997860491275787354e-01
4.104552268981933594e-01
-8.209403604269027710e-03
-3.118222579360008240e-02
1.367404311895370483e-01
8.644283562898635864e-02
-1.418522894382476807e-01
-2.667258083820343018e-01
-2.109972089529037476e-01
-1.158535033464431763e-01
3.066287338733673096e-01
-2.506979182362556458e-02
-1.799950301647186279e-01
-1.130932644009590149e-01
2.578021883964538574e-01
-1.401942372322082520e-01
-2.924365401268005371e-01
-3.542827069759368896e-01
7.772084791213274002e-04
1.692798286676406860e-01
-1.406067907810211182e-01
-4.438609480857849121e-01
-3.602586984634399414e-01
2.421848289668560028e-02
-9.360364079475402832e-02
-2.915520668029785156e-01
2.974467352032661438e-02
2.824808359146118164e-01
2.419994026422500610e-01
-2.870735898613929749e-02
8.958700299263000488e-02
3.041479885578155518e-01
7.203862071037292480e-02
-1.374477446079254150e-01
-5.513896793127059937e-02
-8.595617860555648804e-02
2.411516010761260986e-02
-1.934741139411926270e-01
-3.719054460525512695e-01
-4.113748073577880859e-01
2.627764344215393066e-01
2.926264405250549316e-01
2.173043638467788696e-01
-2.093655290082097054e-03
3.810542076826095581e-02
4.505134224891662598e-01
3.079836964607238770e-01
2.135430425405502319e-01
-2.352986335754394531e-01
1.694877445697784424e-01
2.847422957420349121e-01
1.381893455982208252e-01
-1.088537052273750305e-01
-2.322082072496414185e-01
2.353638112545013428e-01
5.387865006923675537e-02
4.398839548230171204e-02
1.183887347579002380e-01
-8.375393226742744446e-03
-1.979416459798812866e-01
3.099304735660552979e-01
6.633846461772918701e-02
1.672555059194564819e-01
1.262419521808624268e-01
-1.027410849928855896e-01
2.038099914789199829e-01
4.475807026028633118e-02
6.360029429197311401e-02
-2.892006635665893555e-01
-1.667868643999099731e-01
9.220566600561141968e-02
3.469068706035614014e-01
2.037624716758728027e-01
2.903808355331420898e-01
-6.495681405067443848e-02
-1.376052647829055786e-01
5.181384272873401642e-03
1.348802745342254639e-01
1.996392458677291870e-01
-4.756044447422027588e-01
8.312596380710601807e-02
1.465743035078048706e-01
1.365237087011337280e-01
8.602271974086761475e-02
-1.222305744886398315e-01
-1.642305850982666016e-01
-3.141177073121070862e-02
1.990608423948287964e-01
1.718920320272445679e-01
-1.568077057600021362e-01
1.571363396942615509e-02
-8.026196062564849854e-02
-4.891524836421012878e-02
1.792956888675689697e-01
-2.064889296889305115e-02
3.771607577800750732e-02
-1.116344034671783447e-01
-1.489540785551071167e-01
-1.336982697248458862e-01
5.343797150999307632e-03
-2.146809697151184082e-01
-2.524338364601135254e-01
1.507639288902282715e-01
4.189661443233489990e-01
1.740378290414810181e-01
-2.769959867000579834e-01
-3.931943774223327637e-01
-3.034391999244689941e-01
-1.232179440557956696e-02
-7.915657013654708862e-02
-9.902101941406726837e-03
-2.342983633279800415e-01
-1.446920633316040039e-01
-4.583656787872314453e-02
-1.274936795234680176e-01
-3.122016787528991699e-02
-3.409450501203536987e-02
-1.328925639390945435e-01
-1.559731364250183105e-01
-2.034522294998168945e-01
-1.223004907369613647e-01
-7.010458968579769135e-03
-9.666057676076889038e-02
-7.827317118644714355e-01
-6.167747378349304199e-01
1.098757311701774597e-01
-1.824960857629776001e-02
-5.174340680241584778e-02
5.651721358299255371e-02
-2.059252560138702393e-01
1.944704800844192505e-01
-6.236789003014564514e-02
-1.396906226873397827e-01
2.825660631060600281e-02
-7.547347247600555420e-02
2.185220271348953247e-01
6.714539136737585068e-03
1.133812144398689270e-01
1.647015810012817383e-01
-4.814679548144340515e-02
-2.210103347897529602e-02
-4.724698513746261597e-02
-9.610330313444137573e-02
-1.653564125299453735e-01
7.347986847162246704e-02
-1.161008030176162720e-01
-4.417874291539192200e-02
-1.751948297023773193e-01
-2.241545356810092926e-02
1.109014730900526047e-03
1.969685405492782593e-02
4.649044945836067200e-02
2.186667174100875854e-01
-2.886136770248413086e-01
-4.404691457748413086e-01
6.647801399230957031e-02
1.136448383331298828e-01
2.601401805877685547e-01
4.020100086927413940e-02
-1.916891634464263916e-01
1.309930626302957535e-02
-8.546124398708343506e-02
1.350949555635452271e-01
3.060276210308074951e-01
2.312931269407272339e-01
-3.352106809616088867e-01
-4.403442740440368652e-01
-1.732742637395858765e-01
5.231599807739257812e-01
3.174333572387695312e-01
-2.885800004005432129e-01
-4.661701917648315430e-01
-4.068538546562194824e-01
3.940522670745849609e-01
3.301633298397064209e-01
2.819014787673950195e-01
2.402147352695465088e-01
2.158710360527038574e-01
-7.684791088104248047e-02
-1.512557566165924072e-01
4.520155489444732666e-02
-3.905776515603065491e-02
7.137481123208999634e-02
5.866694450378417969e-02
-2.264811098575592041e-01
-1.651725023984909058e-01
2.366238087415695190e-01
1.679303050041198730e-01
3.204619586467742920e-01
-1.130284070968627930e-01
-2.476330697536468506e-01
-7.749790791422128677e-03
2.600281536579132080e-01
5.786759853363037109e-01
2.790183722972869873e-01
-6.793463826179504395e-01
-2.882536947727203369e-01
-2.912944257259368896e-01
2.966506779193878174e-02
2.445773929357528687e-01
-9.998460114002227783e-02
2.111107558012008667e-01
2.232576757669448853e-01
-9.410433471202850342e-02
-3.065426088869571686e-02
-2.698094956576824188e-02
1.564070880413055420e-01
1.787055879831314087e-01
-1.953065544366836548e-01
-1.771700382232666016e-01
-2.132043242454528809e-01
-4.587283357977867126e-03
1.619174778461456299e-01
-1.023556757718324661e-02
-3.136393129825592041e-01
-5.130382627248764038e-02
1.681517511606216431e-01
1.128560826182365417e-01
-8.460725843906402588e-02
-1.516450941562652588e-01
7.667617499828338623e-02
1.084823757410049438e-01
1.679345071315765381e-01
5.805055424571037292e-02
2.694992721080780029e-02
1.299453619867563248e-02
-6.226043775677680969e-02
-1.436693966388702393e-01
-2.837349474430084229e-01
-2.153167575597763062e-01
2.506699599325656891e-02
4.705011844635009766e-02
4.241251945495605469e-02
3.532912209630012512e-02
-9.326004236936569214e-02
2.695844322443008423e-02
4.384329542517662048e-02
-1.694730669260025024e-02
-3.402312844991683960e-02
8.303967118263244629e-02
5.829690769314765930e-02
-3.526145219802856445e-02
9.225358068943023682e-02
-1.207169704139232635e-02
2.926237322390079498e-02
8.329025655984878540e-02
2.624070048332214355e-01
1.089073419570922852e-01
-1.300201565027236938e-01
3.382528573274612427e-02
1.118326932191848755e-01
1.419303268194198608e-01
-3.125398606061935425e-02
-4.772455394268035889e-01
-3.058827519416809082e-01
-3.452099859714508057e-02
6.532701849937438965e-02
1.313873231410980225e-01
-1.071018800139427185e-01
-2.244155555963516235e-01
-5.890545621514320374e-02
3.041163273155689240e-02
1.189815551042556763e-01
1.812980771064758301e-01
-1.479883641004562378e-01
-2.975017763674259186e-03
-7.038890570402145386e-02
5.086924508213996887e-02
1.662779748439788818e-01
1.232849806547164917e-01
-1.559044350869953632e-03
1.899559348821640015e-01
1.576725989580154419e-01
5.850865244865417480e-01
5.611602067947387695e-01
1.020252257585525513e-01
3.066711314022541046e-02
1.712335944175720215e-01
1.949336528778076172e-01
1.475013047456741333e-01
-6.376484036445617676e-02
-1.019088551402091980e-01
8.414454758167266846e-02
1.541195660829544067e-01
1.107969321310520172e-02
-1.325355023145675659e-01
-8.651028573513031006e-02
6.498504430055618286e-03
1.762821823358535767e-01
-3.814340010285377502e-02
7.488813251256942749e-02
-1.092516109347343445e-01
-9.620490670204162598e-02
1.917230635881423950e-01
-1.708869263529777527e-02
6.846123933792114258e-02
1.326467003673315048e-02
-6.216907873749732971e-02
1.281749606132507324e-01
-7.564212381839752197e-02
1.942181289196014404e-01
1.319935470819473267e-01
3.155408054590225220e-02
9.333917498588562012e-02
-7.704288512468338013e-02
-2.214959710836410522e-01
6.669683009386062622e-02
-3.731660544872283936e-01
-1.313816756010055542e-01
-1.773963123559951782e-01
-1.392180174589157104e-01
1.372542977333068848e-01
9.455347806215286255e-02
-2.149084806442260742e-01
-2.756292521953582764e-01
1.385619640350341797e-01
6.629269570112228394e-02
1.086269542574882507e-01
-7.008314132690429688e-02
-2.147724032402038574e-01
1.239666566252708435e-01
-1.470576226711273193e-01
1.103181578218936920e-02
-2.460220307111740112e-01
-1.430571228265762329e-01
-2.251151204109191895e-01
-2.815004885196685791e-01
-6.287288069725036621e-01
-7.404169440269470215e-01
-1.200561523437500000e-01
7.052239775657653809e-02
1.961952000856399536e-01
7.568082213401794434e-02
-1.792845875024795532e-01
2.121675014495849609e-02
-6.349462270736694336e-02
-2.701903227716684341e-03
1.161989271640777588e-01
-3.999150991439819336e-01
-6.021808385848999023e-01
-3.346510231494903564e-02
-1.873489283025264740e-02
5.340472981333732605e-02
-1.997025310993194580e-01
-4.910814762115478516e-01
1.038962788879871368e-02
6.919337064027786255e-02
2.954015135765075684e-02
2.264993637800216675e-01
-3.944450318813323975e-01
-2.891736663877964020e-02
-2.464114278554916382e-01
7.511014491319656372e-02
1.972941458225250244e-01
4.824090376496315002e-02
3.372822422534227371e-03
1.647509038448333740e-01
-8.426073938608169556e-03
8.712689578533172607e-02
5.038651451468467712e-02
-2.856664545834064484e-02
1.454736590385437012e-01
-7.004815340042114258e-02
2.473908811807632446e-01
2.414290904998779297e-01
-4.184588044881820679e-02
2.277500927448272705e-02
-1.540309488773345947e-01
4.584427550435066223e-02
3.503690287470817566e-02
-4.083850979804992676e-02
1.880473345518112183e-01
2.923508882522583008e-01
5.697845816612243652e-01
1.420624703168869019e-01
-8.686263114213943481e-02
-3.287004679441452026e-02
-6.562218070030212402e-02
3.325225412845611572e-02
3.632190823554992676e-01
1.026004478335380554e-01
1.206801533699035645e-01
1.290403399616479874e-02
1.144107803702354431e-01
-1.714652404189109802e-02
-9.080858528614044189e-02
-3.382127732038497925e-02
9.949037432670593262e-02
7.473015785217285156e-02
7.138799130916595459e-02
-1.214217394590377808e-01
-4.208148270845413208e-02
5.428465455770492554e-02
-8.219788223505020142e-02
9.750366210937500000e-02
3.385568037629127502e-02
-2.011854797601699829e-01
-1.664056181907653809e-01
-2.287045717239379883e-01
-2.091257125139236450e-01
1.328306794166564941e-01
-2.535741776227951050e-02
-5.204819515347480774e-02
-2.210098132491111755e-02
2.047363668680191040e-01
-4.467242956161499023e-02
-8.715162426233291626e-02
-3.444440662860870361e-02
-3.313539922237396240e-02
1.166439577937126160e-01
-3.233869373798370361e-02
-1.582105010747909546e-01
-1.749419420957565308e-02
1.424014382064342499e-02
1.125928387045860291e-01
7.568868994712829590e-02
4.460478574037551880e-02
1.121185794472694397e-01
1.459472626447677612e-01
1.989707052707672119e-01
-5.370304360985755920e-02
-1.770265167579054832e-03
1.833327487111091614e-02
3.115568459033966064e-01
3.125274479389190674e-01
3.030560165643692017e-02
4.695457965135574341e-02
1.666639447212219238e-01
8.935806155204772949e-02
9.748372435569763184e-02
-1.354624927043914795e-01
4.548513889312744141e-02
6.660862267017364502e-02
-1.028445661067962646e-01
-2.940698759630322456e-03
2.695488184690475464e-02
1.826139725744724274e-02
-1.207280382513999939e-01
-1.065077781677246094e-01
-3.846422536298632622e-03
1.299458090215921402e-02
-5.690112337470054626e-02
-2.763944864273071289e-01
-4.451946020126342773e-01
-1.745711416006088257e-01
-4.750045761466026306e-02
-2.296423763036727905e-01
-4.066176414489746094e-01
-4.679242074489593506e-01
-4.623722434043884277e-01
-4.340346530079841614e-02
2.250192016363143921e-01
1.919598281383514404e-01
2.602738440036773682e-01
1.089269816875457764e-01
7.165145128965377808e-03
6.881870329380035400e-02
2.422470897436141968e-01
2.453510165214538574e-01
1.270650923252105713e-01
-2.512531280517578125e-01
-2.022484540939331055e-01
1.003022342920303345e-01
7.612696290016174316e-02
5.385640636086463928e-02
-4.280621707439422607e-01
-3.197565972805023193e-01
-1.181354522705078125e-01
-6.760427355766296387e-02
1.540169119834899902e-01
-4.690425992012023926e-01
-2.588772475719451904e-01
-4.886641204357147217e-01
-3.989722728729248047e-01
1.650141626596450806e-01
2.830718159675598145e-01
-2.506958544254302979e-01
-1.826526969671249390e-01
1.941416859626770020e-01
-4.583236947655677795e-02
1.032388806343078613e-01
-3.967368900775909424e-01
-2.711870670318603516e-01
-3.417703509330749512e-02
-7.399380207061767578e-02
-8.059377968311309814e-02
-2.186916023492813110e-01
-5.670199394226074219e-01
2.456525899469852448e-02
1.994619816541671753e-01
-9.007404744625091553e-02
-6.090068221092224121e-01
-9.722138047218322754e-01
-1.353857666254043579e-01
5.370522290468215942e-02
-4.909668862819671631e-01
-7.005864977836608887e-01
-1.347010374069213867e+00
-6.477877497673034668e-01
-3.752925992012023926e-01
-8.167705684900283813e-02
-5.885153636336326599e-02
2.677212357521057129e-01
1.906309574842453003e-01
-3.962776660919189453e-01
-2.114519178867340088e-01
5.576512217521667480e-02
1.666191965341567993e-01
2.051322609186172485e-01
-6.066261976957321167e-02
-1.032425984740257263e-01
5.825997516512870789e-02
1.367074623703956604e-02
-3.804997354745864868e-02
9.004878997802734375e-02
1.311301141977310181e-01
-4.326869919896125793e-02
3.681197762489318848e-02
-1.536188721656799316e-01
2.333753556013107300e-01
2.204391509294509888e-01
-2.892565727233886719e-02
-1.364490240812301636e-01
-2.050868272781372070e-01
1.976158171892166138e-01
1.527615785598754883e-01
-1.119671687483787537e-01
-9.715932607650756836e-02
-1.486878693103790283e-01
-1.687655746936798096e-01
8.852329105138778687e-02
-7.844461500644683838e-02
-5.006805434823036194e-02
-6.405956298112869263e-02
-4.459229484200477600e-02
7.372830808162689209e-02
9.826188534498214722e-02
8.942008763551712036e-02
-1.633388176560401917e-02
-1.198740676045417786e-01
7.727210223674774170e-02
2.838020585477352142e-02
7.539737224578857422e-02
-9.357273578643798828e-02
-8.234636485576629639e-02
-1.048670187592506409e-01
-2.693014405667781830e-02
-5.333601031452417374e-03
-5.925086885690689087e-02
-1.882990263402462006e-02
3.515435010194778442e-02
-1.715747714042663574e-01
-3.031609356403350830e-01
-5.871952176094055176e-01
-3.590034544467926025e-01
9.114897996187210083e-02
-2.020129701122641563e-03
8.401326835155487061e-02
-5.341089889407157898e-02
-5.703839659690856934e-01
1.750808209180831909e-02
-1.637515239417552948e-02
9.240388125181198120e-02
5.158821120858192444e-03
-2.504137754440307617e-01
7.274121046066284180e-02
8.033042401075363159e-02
9.431967139244079590e-02
3.962052240967750549e-02
-2.681361138820648193e-01
2.033279240131378174e-01
2.782602012157440186e-01
3.837189972400665283e-01
1.970700174570083618e-02
-2.297367304563522339e-01
-7.626878470182418823e-02
-4.024568200111389160e-01
-9.562693536281585693e-02
4.583793506026268005e-02
2.644632756710052490e-01
-7.203211635351181030e-02
-2.891111373901367188e-01
1.230304837226867676e-01
-5.668911710381507874e-02
-2.301610857248306274e-01
-1.323489379137754440e-02
-3.180778622627258301e-01
1.951651871204376221e-01
1.614523865282535553e-02
-4.450517296791076660e-01
-9.774251282215118408e-02
-2.158455699682235718e-01
2.345121502876281738e-01
-2.271347306668758392e-02
4.038615152239799500e-03
-1.985241025686264038e-01
-2.793289124965667725e-01
2.845442891120910645e-01
-1.532952487468719482e-01
-8.873943239450454712e-02
-3.249672949314117432e-01
-1.328238546848297119e-01
4.561163187026977539e-01
4.354133009910583496e-01
9.056382626295089722e-02
-3.373248130083084106e-02
-1.916913539171218872e-01
-7.593956589698791504e-02
1.189514622092247009e-01
8.682212233543395996e-02
-5.352033302187919617e-02
-1.397039145231246948e-01
-6.213458254933357239e-02
1.430613696575164795e-01
1.202966049313545227e-01
-9.150736033916473389e-02
-1.260323971509933472e-01
-1.754996478557586670e-01
1.010080147534608841e-02
6.137931346893310547e-02
-2.073896229267120361e-01
1.630700975656509399e-01
4.491733387112617493e-02
6.291694194078445435e-02
6.693350151181221008e-03
1.850227862596511841e-01
-5.828207731246948242e-01
-4.260103702545166016e-01
1.827524751424789429e-01
3.914505243301391602e-01
-1.025357563048601151e-02
-2.659182548522949219e-01
1.281736325472593307e-02
-1.055056974291801453e-01
-1.087935268878936768e-01
-1.287220697849988937e-02
5.901423841714859009e-02
2.323893457651138306e-01
-3.270702064037322998e-01
-1.811026930809020996e-01
2.624517679214477539e-02
6.161583214998245239e-02
3.722971081733703613e-01
-2.735585272312164307e-01
-9.419426321983337402e-02
2.473348528146743774e-01
1.259950846433639526e-01
6.159234642982482910e-01
-1.347853988409042358e-01
-2.427113652229309082e-01
2.102488577365875244e-01
3.548056483268737793e-01
2.588040232658386230e-01
1.644362062215805054e-01
1.210773456841707230e-02
2.872272729873657227e-01
9.658632427453994751e-02
1.607868373394012451e-01
9.495309740304946899e-02
2.298181504011154175e-01
2.199266999959945679e-01
1.199083179235458374e-01
1.812348961830139160e-01
1.623208075761795044e-01
1.015062555670738220e-01
2.041235268115997314e-01
9.700198471546173096e-02
-2.838449552655220032e-02
1.383654773235321045e-01
-1.666036546230316162e-01
-1.118641253560781479e-02
-2.130826562643051147e-02
1.477353926748037338e-02
1.905159838497638702e-02
-2.708229124546051025e-01
-3.933415114879608154e-01
-1.444038599729537964e-01
1.252016332000494003e-02
1.257432997226715088e-01
1.460904628038406372e-01
5.302171781659126282e-02
1.716154366731643677e-01
-6.951792538166046143e-02
-1.887796968221664429e-01
-9.562891721725463867e-02
-1.327830832451581955e-02
-1.721201837062835693e-02
-5.994700640439987183e-02
-3.105859830975532532e-02
1.533795986324548721e-02
-1.279433965682983398e-01
-2.747637778520584106e-02
-4.776969552040100098e-02
1.280624568462371826e-01
1.689883619546890259e-01
-4.787364900112152100e-01
-1.830200850963592529e-01
-1.102704927325248718e-01
1.845795661211013794e-02
1.280147209763526917e-02
-1.724594235420227051e-01
5.286484584212303162e-02
2.009429596364498138e-02
3.956982493400573730e-02
1.126287430524826050e-01
-1.663342118263244629e-01
1.639637723565101624e-02
-3.180911764502525330e-02
-1.652117520570755005e-01
-4.045071452856063843e-02
-2.578965723514556885e-01
-8.841675519943237305e-02
-4.468473419547080994e-02
5.368096381425857544e-02
8.612913638353347778e-02
-9.199866652488708496e-02
-2.297738790512084961e-01
-6.549420952796936035e-02
-2.049717819318175316e-03
4.134364053606987000e-02
-1.841474473476409912e-01
-3.204479217529296875e-01
-3.566240966320037842e-01
-7.792052626609802246e-02
9.930568933486938477e-02
2.012355476617813110e-01
-5.855149775743484497e-02
-2.748730406165122986e-02
7.643682509660720825e-02
3.355959057807922363e-02
1.034339293837547302e-01
9.909885376691818237e-02
1.129913181066513062e-01
-8.999773859977722168e-02
-6.418381631374359131e-02
-3.482853993773460388e-02
5.513390898704528809e-02
1.578476279973983765e-01
4.133259132504463196e-02
-5.103821679949760437e-02
1.615138351917266846e-01
3.907432779669761658e-02
6.795014441013336182e-02
1.714169979095458984e-01
8.749368786811828613e-02
2.505910992622375488e-01
-1.070008985698223114e-02
-3.531678114086389542e-03
5.672709085047245026e-03
-7.721138745546340942e-02
2.533551156520843506e-01
2.037378251552581787e-01
1.419586837291717529e-01
2.148554772138595581e-01
4.158968105912208557e-02
1.657271236181259155e-01
-5.042479187250137329e-02
-2.674437500536441803e-02
7.679759711027145386e-02
-2.113492041826248169e-01
6.892181001603603363e-03
-5.059272050857543945e-02
-1.000858917832374573e-01
-2.458219788968563080e-02
-3.311768472194671631e-01
-6.669811904430389404e-02
-1.921412795782089233e-01
-8.088901638984680176e-02
-8.283375948667526245e-02
-1.322513371706008911e-01
1.279885321855545044e-01
-9.221071749925613403e-02
-8.550240891054272652e-04
4.957081750035285950e-02
-3.214198350906372070e-01
-1.455074399709701538e-01
1.812778711318969727e-01
3.722322881221771240e-01
1.853774189949035645e-01
1.284196972846984863e-01
1.431051790714263916e-01
1.152686402201652527e-01
1.492656171321868896e-01
1.409691274166107178e-01
2.153291553258895874e-01
-2.524156868457794189e-02
-1.453563719987869263e-01
3.911859542131423950e-02
-4.229990392923355103e-02
-2.006485126912593842e-02
-4.109355807304382324e-01
-1.365808546543121338e-01
-1.967334300279617310e-01
-2.730932235717773438e-01
-1.305239200592041016e-01
-4.004515409469604492e-01
-4.806785583496093750e-01
-3.950800895690917969e-01
-4.231056272983551025e-01
-1.651200503110885620e-01
-2.732474505901336670e-01
-1.506880521774291992e-01
-2.146768867969512939e-01
-5.000796914100646973e-01
-2.398412525653839111e-01
-1.521556731313467026e-02
2.472331672906875610e-01
-8.286532014608383179e-02
-3.455984294414520264e-01
-2.797131538391113281e-01
1.355429291725158691e-01
7.908419519662857056e-02
-1.038946211338043213e-01
1.193942036479711533e-02
-2.285083942115306854e-02
2.023702561855316162e-01
-7.108364999294281006e-02
-2.581666409969329834e-02
6.208128854632377625e-02
7.349365204572677612e-02
1.536304503679275513e-02
-9.400322288274765015e-02
5.608531646430492401e-03
-3.214479656890034676e-03
-2.215502224862575531e-02
-2.514620125293731689e-01
5.641468614339828491e-02
3.946053981781005859e-02
1.986225396394729614e-01
-3.645476326346397400e-02
-2.070034295320510864e-01
1.193447709083557129e-01
1.168247461318969727e-01
1.595639735460281372e-01
-2.756287157535552979e-02
-1.567680239677429199e-01
2.403566390275955200e-01
9.326104074716567993e-02
-1.225365791469812393e-02
-1.721876710653305054e-01
-5.812873318791389465e-02
1.413884311914443970e-01
-7.743614166975021362e-02
9.205703437328338623e-02
-6.845048069953918457e-02
-5.046920850872993469e-03
8.620793372392654419e-02
-1.024580821394920349e-01
6.521157175302505493e-02
-2.652444839477539062e-01
-7.067335247993469238e-01
-7.282266616821289062e-01
-3.063628077507019043e-01
2.134270668029785156e-01
-1.268214639276266098e-02
-3.407147526741027832e-01
-1.271112412214279175e-01
9.690656326711177826e-03
1.581287831068038940e-01
1.678971201181411743e-01
-8.751631528139114380e-02
5.302427336573600769e-02
6.916453689336776733e-02
1.328144967555999756e-01
1.053503006696701050e-01
1.928580179810523987e-02
2.241538017988204956e-01
1.353623569011688232e-01
6.799626350402832031e-02
1.077810227870941162e-01
-3.830662369728088379e-02
8.449177443981170654e-02
1.977505832910537720e-01
1.941829919815063477e-01
3.464853465557098389e-01
9.938872605562210083e-02
2.784574280667584389e-05
-1.409908235073089600e-01
-2.039042860269546509e-01
8.497935719788074493e-03
1.199775859713554382e-01
2.492129206657409668e-01
-1.673246771097183228e-01
-3.823392465710639954e-02
-2.044602483510971069e-01
4.922268912196159363e-02
4.499301314353942871e-02
-1.555171608924865723e-01
-4.136972874402999878e-02
-4.537953808903694153e-02
-6.752019375562667847e-02
-2.725142799317836761e-02
-1.480239629745483398e-01
1.008785562589764595e-03
4.637193307280540466e-02
-1.448411792516708374e-01
1.587341912090778351e-02
-3.305967524647712708e-02
8.077397197484970093e-02
-6.980887055397033691e-02
-6.539686769247055054e-02
-9.091501682996749878e-02
-5.655128359794616699e-01
-4.248289167881011963e-01
2.997768819332122803e-01
-6.802970916032791138e-02
4.165430087596178055e-03
-1.489243209362030029e-01
-1.893125474452972412e-01
1.904242336750030518e-01
-1.572752371430397034e-02
-1.050298586487770081e-01
-5.673985928297042847e-02
-1.183349788188934326e-01
3.337493836879730225e-01
-1.917835175991058350e-01
-2.119049429893493652e-01
-3.124993741512298584e-01
-1.199160739779472351e-01
3.122007548809051514e-01
-8.066342771053314209e-02
-8.013571053743362427e-02
-1.682595610618591309e-01
-1.801528334617614746e-01
-3.370862081646919250e-02
-2.361905127763748169e-01
-1.853000521659851074e-01
2.675850093364715576e-01
4.355170726776123047e-01
-3.181681632995605469e-01
-1.059962809085845947e-02
2.530333958566188812e-02
1.314048916101455688e-01
1.494562327861785889e-01
3.146260231733322144e-02
1.433664858341217041e-01
1.418219208717346191e-01
-2.156195975840091705e-02
-4.823179543018341064e-02
3.751320540904998779e-01
1.572959572076797485e-01
1.058326140046119690e-01
-1.249174699187278748e-01
1.030036956071853638e-01
3.292026817798614502e-01
2.805394865572452545e-02
6.958544254302978516e-02
2.379125952720642090e-01
4.846599400043487549e-01
4.011699557304382324e-01
2.609156072139739990e-01
-1.314830966293811798e-02
-4.135617017745971680e-01
-4.274079501628875732e-01
-2.487578690052032471e-01
-1.734733209013938904e-02
-2.028271704912185669e-01
-4.324023798108100891e-02
2.251465106382966042e-03
2.451298385858535767e-01
-9.055393934249877930e-02
-1.384584605693817139e-01
-1.324763447046279907e-01
2.452602237462997437e-01
4.330218732357025146e-01
-1.338405162096023560e-01
8.733089268207550049e-02
-5.520837008953094482e-02
-1.453088014386594296e-03
5.235340595245361328e-01
-3.608868420124053955e-01
-1.904895156621932983e-01
-3.905367106199264526e-02
1.827167272567749023e-01
5.836023092269897461e-01
-3.013160824775695801e-01
1.107883751392364502e-01
1.277030855417251587e-01
3.494945168495178223e-01
2.227690368890762329e-01
-8.521488308906555176e-02
2.246734686195850372e-02
5.690769478678703308e-02
5.591092165559530258e-03
4.333784431219100952e-02
-1.495246142148971558e-01
6.162244081497192383e-02
3.843437135219573975e-02
-8.130934834480285645e-02
2.348266094923019409e-01
8.377634920179843903e-03
1.043277420103549957e-02
-6.475804746150970459e-02
-1.371360123157501221e-01
4.143844358623027802e-03
4.883874207735061646e-02
7.059709727764129639e-02
-2.090230770409107208e-02
8.194680511951446533e-02
1.530298441648483276e-01
-6.708291172981262207e-02
1.344174593687057495e-01
2.702688872814178467e-01
1.194612681865692139e-02
1.627327054738998413e-01
1.043023448437452316e-02
-6.977558881044387817e-02
-8.107066154479980469e-02
-1.674598753452301025e-01
-2.679274976253509521e-01
-1.225597411394119263e-01
-1.197929456830024719e-01
8.950740098953247070e-02
2.169032543897628784e-01
6.692033261060714722e-02
-7.766373455524444580e-02
-2.129777073860168457e-01
-4.390328750014305115e-02
2.914875932037830353e-02
1.502402722835540771e-01
-8.568371087312698364e-02
-3.798265755176544189e-02
-2.159761637449264526e-02
-1.216456890106201172e-01
-2.091869860887527466e-01
-2.024328559637069702e-01
-2.026369571685791016e-01
-9.485267102718353271e-02
-2.753782831132411957e-02
-5.334429740905761719e-01
-5.560441873967647552e-03
-8.053859323263168335e-02
-3.530630096793174744e-02
-4.034383594989776611e-02
-5.045740008354187012e-01
-5.436214432120323181e-02
-5.728008598089218140e-02
9.414795786142349243e-02
6.290365941822528839e-03
-2.936762571334838867e-01
9.038954228162765503e-02
3.993903473019599915e-02
9.834458678960800171e-02
-1.081448886543512344e-02
1.338487677276134491e-02
7.627218216657638550e-02
2.317811548709869385e-02
4.903515800833702087e-02
1.347073912620544434e-02
1.993964612483978271e-02
2.921954691410064697e-01
-1.922147274017333984e-01
-4.724771976470947266e-01
-1.211647093296051025e-01
2.476743757724761963e-01
2.065760642290115356e-01
1.781581938266754150e-01
-2.632598280906677246e-01
2.862744331359863281e-01
1.224835589528083801e-01
1.519330292940139771e-01
1.309090256690979004e-01
-1.891734078526496887e-02
-2.451566755771636963e-01
-8.341337740421295166e-02
2.076443135738372803e-01
1.880051940679550171e-01
1.188693344593048096e-01
-1.858249679207801819e-02
-9.955129772424697876e-02
-6.486436724662780762e-02
-3.277886286377906799e-02
-3.859470412135124207e-02
1.246061772108078003e-01
-8.036619424819946289e-02
3.830034136772155762e-01
5.201757550239562988e-01
5.332642793655395508e-01
-2.932427525520324707e-01
-6.043055057525634766e-01
1.227477714419364929e-01
6.554382294416427612e-02
-3.013039007782936096e-02
-1.684869229793548584e-01
-5.487015843391418457e-01
6.578632444143295288e-02
-1.481761932373046875e-01
2.910756468772888184e-01
-6.806997209787368774e-02
-6.921287178993225098e-01
-1.275872588157653809e-01
-2.722269296646118164e-01
-2.344923280179500580e-02
-4.795464873313903809e-02
-7.961871027946472168e-01
6.078337784856557846e-03
-2.365015074610710144e-02
6.572454422712326050e-02
-6.703644990921020508e-02
-6.841827034950256348e-01
1.101759448647499084e-01
-1.666740700602531433e-02
4.448999464511871338e-02
5.974218249320983887e-03
2.042669989168643951e-02
1.174897477030754089e-01
9.720272570848464966e-02
5.093479156494140625e-02
1.084547862410545349e-01
8.692191541194915771e-02
1.225476562976837158e-01
-1.421198248863220215e-01
7.572658360004425049e-02
2.385745756328105927e-02
1.564768403768539429e-01
4.712998569011688232e-01
-9.969438612461090088e-02
-2.227991670370101929e-01
-1.429924368858337402e-01
1.574143469333648682e-01
4.464729726314544678e-01
2.673296257853507996e-02
3.890958428382873535e-02
1.000352501869201660e-01
1.490946710109710693e-01
1.104460135102272034e-01
2.088540978729724884e-02
9.106634557247161865e-02
2.107619680464267731e-02
-4.299698770046234131e-02
-2.417631447315216064e-02
-6.788394600152969360e-02
5.172278732061386108e-02
1.232592910528182983e-01
-2.977231144905090332e-02
-7.264135777950286865e-02
-6.517055630683898926e-02
-6.592562794685363770e-02
7.123015820980072021e-02
3.403044119477272034e-02
-1.048079878091812134e-01
-2.414711192250251770e-02
-8.419474214315414429e-02
5.111045204102993011e-03
8.099807798862457275e-02
-1.491389274597167969e-01
8.520867675542831421e-02
3.061978332698345184e-02
-1.461214851588010788e-02
1.180204679258167744e-03
6.507962942123413086e-02
-8.408759534358978271e-02
-8.098249137401580811e-02
-9.515819698572158813e-02
-3.681505843997001648e-02
1.517216116189956665e-01
8.474671840667724609e-02
3.389057936146855354e-03
1.277922242879867554e-01
1.787862777709960938e-01
-2.120362035930156708e-02
2.882902137935161591e-02
9.596665948629379272e-02
1.279150042682886124e-02
6.145616993308067322e-02
2.919529564678668976e-02
-4.031540453433990479e-02
8.977256715297698975e-02
8.894348889589309692e-02
4.094935953617095947e-02
1.867577433586120605e-01
1.076074987649917603e-01
4.205693677067756653e-02
-1.542553007602691650e-01
-3.886253014206886292e-02
-4.845697805285453796e-02
4.045019298791885376e-02
1.134598478674888611e-01
3.023240715265274048e-02
7.824116200208663940e-02
-2.130244821310043335e-01
3.646280989050865173e-02
8.529027551412582397e-02
1.026183925569057465e-02
1.634182184934616089e-01
-1.211853995919227600e-01
-3.590093227103352547e-03
-5.655971169471740723e-02
1.203942149877548218e-01
1.329306960105895996e-01
-6.314584519714117050e-03
-1.235759258270263672e-01
1.522177010774612427e-01
1.738224551081657410e-02
1.455018371343612671e-01
1.525529175996780396e-01
6.000320613384246826e-02
-1.011243984103202820e-01
-1.097339838743209839e-01
3.126538395881652832e-01
-1.162659823894500732e-01
6.474313884973526001e-02
-1.000775471329689026e-01
-1.463740319013595581e-01
-2.956960536539554596e-02
2.963816374540328979e-02
7.482291013002395630e-02
6.668595131486654282e-03
6.801754981279373169e-02
1.664699018001556396e-01
1.003745868802070618e-01
1.244264245033264160e-01
-1.608632951974868774e-01
-4.586441069841384888e-02
1.623353958129882812e-01
-2.709969580173492432e-01
1.280238926410675049e-01
1.351548433303833008e-01
1.427740305662155151e-01
2.085145860910415649e-01
-1.096067070960998535e+00
-2.372077405452728271e-01
7.217791676521301270e-01
5.628558397293090820e-01
1.362342238426208496e-01
1.839055269956588745e-01
3.271835297346115112e-02
-4.443929791450500488e-01
-3.292881846427917480e-01
-2.649638056755065918e-01
9.140910208225250244e-02
-1.572360657155513763e-02
-1.174028441309928894e-01
-1.797852218151092529e-01
8.357889018952846527e-04
8.996371179819107056e-03
-2.373126149177551270e-02
-2.303247526288032532e-02
-8.391398936510086060e-02
-5.288713425397872925e-02
-6.159253790974617004e-02
-9.199443273246288300e-03
1.419998407363891602e-01
6.242306530475616455e-02
-1.741330325603485107e-01
-2.714234292507171631e-01
-1.093846336007118225e-01
2.248122170567512512e-02
2.352340072393417358e-01
8.179159462451934814e-02
1.574485376477241516e-02
2.064368724822998047e-01
1.525567322969436646e-01
-1.263607591390609741e-01
-4.970883429050445557e-01
-3.427975997328758240e-02
-1.585731208324432373e-01
-1.579967886209487915e-01
-1.387698650360107422e-01
5.901781842112541199e-03
1.069879680871963501e-01
2.515164762735366821e-02
-2.962215058505535126e-02
6.307665724307298660e-03
1.739246845245361328e-01
-1.016976386308670044e-01
-7.601518183946609497e-02
1.373830288648605347e-01
9.005368500947952271e-02
1.609091460704803467e-01
8.547027707099914551e-01
1.513603478670120239e-01
9.946889430284500122e-02
4.398444294929504395e-01
5.017307996749877930e-01
-5.491823330521583557e-02
-1.895027607679367065e-01
-3.043729625642299652e-02
9.992034174501895905e-03
-1.554437726736068726e-02
-2.270577847957611084e-01
-8.193283528089523315e-02
-6.610012054443359375e-02
-1.798985898494720459e-01
-1.462146341800689697e-01
-2.888772785663604736e-01
-4.585756361484527588e-02
4.793278127908706665e-02
9.543412923812866211e-02
4.812560044229030609e-03
9.653075784444808960e-02
1.108798310160636902e-01
1.925815083086490631e-02
-1.036222353577613831e-01
7.503719627857208252e-02
3.033396005630493164e-01
1.978306919336318970e-01
1.512396614998579025e-02
1.066118292510509491e-02
2.277995198965072632e-01
-3.341217637062072754e-01
-4.096741601824760437e-02
8.288373798131942749e-02
3.681120276451110840e-01
1.037213951349258423e-01
-2.460513450205326080e-02
1.332763489335775375e-02
1.383685618638992310e-01
1.402298640459775925e-02
-6.415845453739166260e-02
-1.445326507091522217e-01
3.923678398132324219e-02
1.381082534790039062e-01
-1.238417848944664001e-01
3.648266568779945374e-02
-2.204635180532932281e-02
-7.085391879081726074e-02
1.004021838307380676e-01
-2.854549884796142578e-02
-9.543330967426300049e-02
1.283712238073348999e-01
-4.472097847610712051e-03
-9.441457688808441162e-03
-2.528125941753387451e-01
-3.731024265289306641e-01
7.788091152906417847e-02
-6.718642264604568481e-02
-1.653216630220413208e-01
-1.588362306356430054e-01
-1.510184705257415771e-01
-3.578384965658187866e-02
-8.688402920961380005e-02
-1.246756985783576965e-01
-1.267651915550231934e-01
-1.736410558223724365e-01
3.466715663671493530e-02
-9.309441596269607544e-02
-1.444361507892608643e-01
3.974481299519538879e-02
-1.965764164924621582e-02
7.903743535280227661e-03
3.836035355925559998e-02
-7.844725251197814941e-02
-7.712741196155548096e-02
-1.935886032879352570e-02
-3.860509023070335388e-02
-5.988331045955419540e-03
-1.735275089740753174e-01
3.937855362892150879e-02
3.738105297088623047e-01
1.015181913971900940e-01
1.333708316087722778e-01
-8.354675956070423126e-03
1.341711878776550293e-01
8.308486640453338623e-02
2.543476969003677368e-02
1.283822208642959595e-01
2.692190743982791901e-02
-1.019535884261131287e-01
1.840056478977203369e-02
4.871403053402900696e-02
1.097125709056854248e-01
-1.208254620432853699e-01
-5.723150447010993958e-02
-1.803915798664093018e-01
-1.311046034097671509e-01
-3.250995278358459473e-01
-1.226020678877830505e-01
-2.852941155433654785e-01
-1.953447461128234863e-01
-1.495218276977539062e-01
-1.904138326644897461e-01
-1.386180967092514038e-01
-3.076696693897247314e-01
-8.040658198297023773e-03
-2.079298794269561768e-01
-2.534339204430580139e-02
3.324007093906402588e-01
5.395003557205200195e-01
9.399069845676422119e-02
1.527273952960968018e-01
1.649413853883743286e-01
2.044419944286346436e-02
9.720258414745330811e-02
5.945493280887603760e-02
1.196602731943130493e-01
-7.537300884723663330e-02
-3.613192960619926453e-02
5.945761586190201342e-05
8.687304705381393433e-02
-9.860997088253498077e-04
-1.140442937612533569e-01
-1.169259920716285706e-01
-6.237551569938659668e-02
1.214341376908123493e-03
-4.767389968037605286e-02
-1.746307164430618286e-01
-3.879308700561523438e-01
-3.715558946132659912e-01
-5.816450119018554688e-01
