4.243320971727371216e-02
-8.430105447769165039e-02
-1.040289998054504395e-01
3.352198749780654907e-02
-1.126184314489364624e-02
-4.777751863002777100e-03
-5.363665521144866943e-03
-7.925862818956375122e-02
-1.695645600557327271e-02
-1.084574460983276367e-01
1.026670634746551514e-02
2.235586196184158325e-02
-5.994326993823051453e-02
5.676768720149993896e-03
-5.634820088744163513e-02
1.013448163866996765e-01
9.276746958494186401e-02
-6.290012598037719727e-02
6.793492287397384644e-02
-8.051064610481262207e-02
-7.621516287326812744e-02
-9.174570441246032715e-03
8.503682166337966919e-02
1.386016607284545898e-03
5.143664032220840454e-02
3.562136739492416382e-02
1.069456338882446289e-03
8.597070723772048950e-02
7.900626212358474731e-02
7.845730334520339966e-02
1.263767480850219727e-03
-1.369723677635192871e-02
7.330702990293502808e-02
-6.178331375122070312e-02
-1.078937053680419922e-01
-5.222437158226966858e-02
-9.960100054740905762e-02
1.709840446710586548e-02
2.840995043516159058e-02
4.316138476133346558e-02
1.037623658776283264e-01
-4.517999291419982910e-02
-6.177327409386634827e-02
9.338661283254623413e-02
5.647540092468261719e-03
6.348342448472976685e-02
-8.015903830528259277e-02
2.297688275575637817e-02
8.165998011827468872e-02
-7.247968018054962158e-02
7.455702871084213257e-02
-3.686020523309707642e-02
-5.664902180433273315e-02
-2.080687135457992554e-02
9.899347275495529175e-02
-6.181589514017105103e-02
8.665042370557785034e-02
7.149577140808105469e-05
-1.066483184695243835e-01
-1.798540353775024414e-02
-1.036852002143859863e-01
-1.007466539740562439e-01
8.713633567094802856e-02
-1.019986793398857117e-01
6.031882017850875854e-02
-2.759660780429840088e-02
-9.278563410043716431e-02
3.798451274633407593e-02
5.705892294645309448e-02
2.588927745819091797e-03
-8.550763875246047974e-02
1.058480814099311829e-01
4.933362454175949097e-02
1.047399565577507019e-01
-4.952358826994895935e-02
-1.085789948701858521e-01
-9.844484180212020874e-02
-1.048707216978073120e-02
-4.573135077953338623e-02
5.125003308057785034e-02
-2.446502447128295898e-03
8.767355233430862427e-02
-1.563101261854171753e-02
-2.651847153902053833e-02
7.370648533105850220e-02
9.540321677923202515e-02
2.570510655641555786e-02
-3.068161010742187500e-02
-5.020662397146224976e-02
1.488415151834487915e-02
-9.086200594902038574e-02
2.108364552259445190e-02
-7.816448807716369629e-03
1.306690275669097900e-02
7.104320079088211060e-02
-7.356734573841094971e-02
1.766826957464218140e-02
-8.403528481721878052e-02
5.092021077871322632e-02
8.313663303852081299e-03
7.766269147396087646e-03
5.042045563459396362e-02
-8.401132375001907349e-02
6.349238008260726929e-02
2.060931175947189331e-02
-5.999267101287841797e-03
-3.121308982372283936e-03
6.012637168169021606e-02
4.371436685323715210e-02
-7.182200253009796143e-02
-5.213325843214988708e-02
-2.804914116859436035e-02
-1.344562321901321411e-02
-1.300674676895141602e-02
-9.557008743286132812e-03
-4.983302950859069824e-02
-3.228336572647094727e-05
-6.593799591064453125e-02
4.009293764829635620e-02
1.409520953893661499e-02
2.445507794618606567e-02
8.952637761831283569e-02
7.738619297742843628e-02
9.443426877260208130e-02
1.531403511762619019e-02
1.085120067000389099e-01
-6.682334840297698975e-02
-8.607351779937744141e-02
-2.598117291927337646e-02
3.247659653425216675e-02
-9.606862813234329224e-02
5.732015520334243774e-02
9.740766137838363647e-02
-1.757686585187911987e-02
-3.253969550132751465e-02
9.425007551908493042e-02
-3.184552490711212158e-02
1.549124717712402344e-03
7.144563645124435425e-02
-4.526564478874206543e-02
7.151047140359878540e-02
6.995316594839096069e-02
4.930640012025833130e-02
-1.043786630034446716e-01
-7.500670850276947021e-03
2.176361531019210815e-02
-9.907749295234680176e-02
3.484689444303512573e-02
1.594812422990798950e-02
-3.712672740221023560e-02
-2.727273851633071899e-02
-1.001123413443565369e-01
8.716084808111190796e-02
9.572229534387588501e-02
-3.253160417079925537e-02
-6.178115680813789368e-02
5.010891705751419067e-02
-2.088655531406402588e-02
9.909009188413619995e-02
8.726722747087478638e-02
4.912707954645156860e-02
-4.553361982107162476e-02
-9.704437106847763062e-02
7.621818035840988159e-02
7.729091495275497437e-02
-8.188793808221817017e-02
9.272255748510360718e-02
1.411695778369903564e-02
-6.866101920604705811e-02
9.305285662412643433e-02
2.436710149049758911e-02
-4.948157444596290588e-02
6.270446628332138062e-02
-1.031619533896446228e-01
-1.047726869583129883e-01
1.296921074390411377e-02
8.580724149942398071e-02
-8.763107657432556152e-02
-6.043937429785728455e-02
-2.659318596124649048e-02
-1.006183326244354248e-01
6.583052128553390503e-02
-9.274368733167648315e-02
9.092710167169570923e-02
-2.144686132669448853e-02
1.196791976690292358e-02
-3.151309490203857422e-02
-6.779867410659790039e-02
4.178680479526519775e-03
9.339439123868942261e-02
-6.683705747127532959e-02
7.607515901327133179e-02
-9.031313657760620117e-02
-4.677052795886993408e-02
2.338198572397232056e-02
1.503743231296539307e-02
4.127717763185501099e-02
-4.879980906844139099e-02
-4.156015813350677490e-02
-8.516634255647659302e-02
-1.136523485183715820e-02
6.938796490430831909e-02
-3.412967175245285034e-02
-7.605527341365814209e-02
-2.010013908147811890e-02
-3.379803895950317383e-02
7.639849931001663208e-02
4.721895605325698853e-02
4.688777774572372437e-02
-3.235081583261489868e-02
2.485938370227813721e-03
3.294426947832107544e-02
-5.935418978333473206e-02
1.068156734108924866e-01
7.886160165071487427e-02
1.057339087128639221e-01
-6.238186359405517578e-02
-8.901900798082351685e-02
-2.241647988557815552e-02
8.434735983610153198e-02
-9.009819477796554565e-02
5.691073089838027954e-02
1.086166277527809143e-01
-4.072905331850051880e-02
-8.212387561798095703e-03
2.679146081209182739e-02
5.739197880029678345e-02
-3.563107550144195557e-02
-3.608307242393493652e-02
-9.932547807693481445e-02
-5.299771577119827271e-02
-1.009611338376998901e-01
-9.717260301113128662e-02
4.489120095968246460e-02
2.322941273450851440e-02
7.021025568246841431e-02
-5.960376560688018799e-02
-1.013824045658111572e-01
-8.903367817401885986e-02
8.713727444410324097e-02
1.075323596596717834e-01
8.888965100049972534e-02
-7.543073594570159912e-02
-4.485569149255752563e-02
-7.445570826530456543e-02
-3.560996800661087036e-02
4.287018626928329468e-02
-2.902563661336898804e-02
-3.506392240524291992e-04
4.209949821233749390e-02
-6.752961874008178711e-02
2.376907318830490112e-02
-8.151540160179138184e-02
-1.073765456676483154e-01
-9.867841750383377075e-02
6.083012372255325317e-02
4.361736029386520386e-02
7.842696458101272583e-02
-4.678012803196907043e-02
9.870444983243942261e-02
-5.776894837617874146e-02
-7.159452140331268311e-02
-2.337770909070968628e-02
-2.436016499996185303e-02
8.440227061510086060e-02
-4.301548004150390625e-02
-2.680651843547821045e-02
3.340477496385574341e-02
-5.046833679080009460e-02
3.755109757184982300e-02
1.525865495204925537e-02
-5.319347977638244629e-02
5.970456451177597046e-02
-8.460042625665664673e-02
8.556076139211654663e-02
1.005409285426139832e-01
-8.430153131484985352e-02
-8.449996262788772583e-02
-8.817443996667861938e-02
4.840572923421859741e-02
3.283695131540298462e-02
5.167565494775772095e-02
-3.190448135137557983e-02
-8.392906934022903442e-02
5.224570631980895996e-03
-9.425778687000274658e-02
5.570136755704879761e-02
4.552144557237625122e-02
-3.755911439657211304e-02
-6.786862015724182129e-02
6.784973293542861938e-02
-1.233376562595367432e-02
3.044163435697555542e-02
5.225930362939834595e-02
4.982193559408187866e-02
5.761434882879257202e-02
3.571266680955886841e-02
-5.687804892659187317e-02
5.797982960939407349e-02
5.168346315622329712e-02
-8.843573182821273804e-02
-1.067525669932365417e-01
-1.901253312826156616e-02
1.817338168621063232e-03
7.781492918729782104e-02
2.390973269939422607e-03
-5.869637057185173035e-02
8.569120615720748901e-02
-2.101241052150726318e-02
-1.038594022393226624e-01
6.124105304479598999e-02
-4.088182747364044189e-02
-1.009507551789283752e-01
-4.197227954864501953e-02
1.841527968645095825e-02
-7.709378004074096680e-02
7.520044595003128052e-02
2.234409004449844360e-02
-4.857137054204940796e-02
5.885342508554458618e-02
5.203028768301010132e-02
1.656819134950637817e-02
3.230417519807815552e-02
7.551219314336776733e-02
-7.666677236557006836e-02
6.256625056266784668e-04
9.922609478235244751e-02
4.139294475317001343e-02
4.488863795995712280e-02
5.817537754774093628e-02
-4.882211610674858093e-02
-2.742057293653488159e-02
6.948582828044891357e-03
6.871695071458816528e-02
1.080394759774208069e-01
-6.384275853633880615e-02
-8.243340253829956055e-02
7.809347659349441528e-02
1.113244146108627319e-02
-8.463174104690551758e-03
-1.058115512132644653e-01
9.441048651933670044e-02
3.220535069704055786e-02
8.305568248033523560e-02
1.652067154645919800e-02
-7.578880339860916138e-02
3.956923633813858032e-02
-7.789140194654464722e-02
-7.181443274021148682e-02
-6.233740597963333130e-02
-3.910110890865325928e-02
4.968569427728652954e-02
-3.636404871940612793e-03
-6.416603922843933105e-03
2.095849066972732544e-02
4.807525128126144409e-02
5.603229254484176636e-02
3.513053804636001587e-02
-4.761365428566932678e-02
-1.554796099662780762e-02
-8.376972377300262451e-02
5.989072471857070923e-02
-7.915021479129791260e-02
2.736292779445648193e-03
7.880473881959915161e-02
-1.648782193660736084e-02
-6.451603025197982788e-02
9.392479807138442993e-02
-1.785287261009216309e-02
3.675941377878189087e-02
-7.120061665773391724e-02
4.079303890466690063e-02
-3.019410371780395508e-02
-1.645802706480026245e-02
6.229933351278305054e-02
1.011623814702033997e-01
-2.406193315982818604e-02
-1.659730076789855957e-02
-1.128481328487396240e-02
8.475471287965774536e-02
8.924595266580581665e-02
2.926520258188247681e-02
5.476487427949905396e-02
-7.623795419931411743e-02
2.588216215372085571e-02
-5.840862169861793518e-02
8.670907467603683472e-02
-4.613731801509857178e-02
4.782534390687942505e-02
-1.979969441890716553e-02
3.741294890642166138e-02
-6.488326191902160645e-02
7.240837067365646362e-02
7.900690287351608276e-02
7.682969421148300171e-02
-1.727551221847534180e-03
-3.210463374853134155e-02
-6.304172426462173462e-02
5.546704679727554321e-02
1.062492504715919495e-01
3.904927521944046021e-02
9.619922190904617310e-02
3.308156877756118774e-02
-5.699436739087104797e-02
-4.307515174150466919e-02
-6.663373112678527832e-02
-4.522443562746047974e-02
-1.049847528338432312e-01
3.160881251096725464e-02
8.832385390996932983e-02
1.861900091171264648e-03
5.496855825185775757e-02
-1.057991459965705872e-01
-1.918558776378631592e-02
-1.070535108447074890e-01
-3.610155731439590454e-02
-8.620926737785339355e-02
-2.518169581890106201e-02
6.782276183366775513e-02
8.360271900892257690e-02
-7.646667957305908203e-02
2.376978844404220581e-02
-3.010228276252746582e-03
1.021373346447944641e-01
6.553214043378829956e-02
-4.094041138887405396e-02
-6.820100545883178711e-02
6.122896820306777954e-02
2.765784412622451782e-02
7.521118968725204468e-02
-6.127945706248283386e-02
3.465450555086135864e-02
5.483458191156387329e-02
-7.263318449258804321e-02
7.271980494260787964e-02
-4.158881306648254395e-02
8.743792027235031128e-02
-2.086304128170013428e-03
9.691820293664932251e-02
-6.303186714649200439e-02
9.424006193876266479e-02
-6.212254613637924194e-02
9.004677087068557739e-02
3.777123242616653442e-02
-5.776033923029899597e-02
8.335926383733749390e-02
-6.540468335151672363e-02
7.266180962324142456e-02
9.637070447206497192e-02
-1.024250686168670654e-01
5.159264057874679565e-02
-2.716081589460372925e-02
2.842994779348373413e-02
-1.050256937742233276e-01
1.430062204599380493e-02
-9.914469718933105469e-02
-5.822159722447395325e-02
-2.458863705396652222e-02
-4.057421535253524780e-02
-6.518986076116561890e-02
9.643834084272384644e-02
3.730466216802597046e-02
5.002003163099288940e-02
-7.960810512304306030e-02
-8.011618256568908691e-02
-9.104909747838973999e-02
-3.005556762218475342e-03
1.012128666043281555e-01
-4.663676768541336060e-02
-9.889133274555206299e-03
-1.820007711648941040e-02
-2.797549217939376831e-02
1.930508762598037720e-02
-6.874774396419525146e-02
1.031795814633369446e-01
-1.027474552392959595e-01
9.137619286775588989e-02
4.508953541517257690e-02
9.746646136045455933e-02
3.227686136960983276e-02
-2.099990844726562500e-02
1.082456484436988831e-01
1.039146259427070618e-01
9.252680093050003052e-02
5.643977969884872437e-02
-1.071603745222091675e-01
-7.770397514104843140e-02
9.752847999334335327e-02
-1.372063905000686646e-02
4.333173483610153198e-02
1.047666743397712708e-01
1.143272966146469116e-02
-6.271675229072570801e-02
5.329640954732894897e-02
-7.916414737701416016e-02
4.102732986211776733e-02
3.833726793527603149e-02
-6.187663972377777100e-02
-9.762971848249435425e-02
9.984970092773437500e-03
-2.395118772983551025e-02
-9.243776649236679077e-02
7.662861794233322144e-02
-4.564815759658813477e-02
-5.872972309589385986e-03
-5.904000997543334961e-02
1.721463352441787720e-02
8.339797705411911011e-02
8.415702730417251587e-02
-1.044387370347976685e-02
-1.072233244776725769e-01
-9.511265158653259277e-02
-7.747484743595123291e-02
9.319602698087692261e-02
1.005917042493820190e-02
9.031055122613906860e-02
-6.183787807822227478e-02
3.680847585201263428e-03
-4.823068529367446899e-02
-7.575599849224090576e-02
-6.159798055887222290e-02
-4.978411272168159485e-02
8.272916823625564575e-02
-9.231047332286834717e-02
-1.054617092013359070e-01
-1.919176429510116577e-02
2.531502395868301392e-02
9.195990115404129028e-02
-8.560870587825775146e-02
-3.608741611242294312e-02
-1.048616394400596619e-01
9.315416216850280762e-03
-9.315767884254455566e-02
-1.900129765272140503e-02
9.915670007467269897e-02
-1.277473568916320801e-02
1.007506623864173889e-01
5.354728549718856812e-02
-9.796716272830963135e-02
-1.799426972866058350e-03
9.462058544158935547e-03
3.311472386121749878e-02
6.045090407133102417e-02
-6.961610913276672363e-02
-9.665735810995101929e-02
5.308457463979721069e-02
-1.025902256369590759e-01
8.497890084981918335e-02
5.547051876783370972e-02
6.926836818456649780e-02
1.043141111731529236e-01
1.011169701814651489e-02
4.406355321407318115e-03
4.892697185277938843e-02
-1.726356148719787598e-02
-6.368222832679748535e-02
-5.139681324362754822e-02
9.736200422048568726e-02
5.033435672521591187e-02
7.893458753824234009e-02
-2.397868782281875610e-02
3.363735228776931763e-02
-3.909625858068466187e-02
-5.654864013195037842e-03
1.074440106749534607e-01
-8.043895661830902100e-02
1.461467146873474121e-02
-1.037344858050346375e-01
1.963361352682113647e-02
3.922218829393386841e-02
3.047085553407669067e-02
5.670139938592910767e-02
2.046944946050643921e-02
-4.827377572655677795e-02
8.413874357938766479e-02
-1.492200046777725220e-02
1.054412126541137695e-02
4.715380817651748657e-02
2.382908016443252563e-02
9.274179488420486450e-02
-2.770314365625381470e-02
3.606671839952468872e-02
-2.802188694477081299e-02
-9.186408668756484985e-02
-3.591074794530868530e-02
-8.341589570045471191e-02
2.743213623762130737e-02
-1.029779091477394104e-01
-2.367252111434936523e-02
4.991490393877029419e-02
5.603984743356704712e-02
-3.563789278268814087e-02
8.693058043718338013e-02
9.125604480504989624e-02
5.124758929014205933e-02
7.785574346780776978e-02
-7.580167800188064575e-02
9.709670394659042358e-02
6.606496125459671021e-02
-8.697770535945892334e-02
-5.108753591775894165e-02
4.366774111986160278e-02
-3.709241747856140137e-03
5.186312645673751831e-02
8.921820670366287231e-02
8.545210212469100952e-02
-2.702631056308746338e-03
5.487907677888870239e-02
-3.418511152267456055e-02
9.139493852853775024e-02
1.108124852180480957e-02
6.597869098186492920e-03
-4.419849812984466553e-02
-3.150760382413864136e-02
8.757453411817550659e-02
5.408973246812820435e-02
6.295155733823776245e-02
-7.738807797431945801e-02
3.143542259931564331e-02
5.518154054880142212e-02
-7.223147153854370117e-02
-4.576058685779571533e-02
-8.869266510009765625e-02
9.578026086091995239e-02
-5.530430376529693604e-02
-3.054559975862503052e-02
9.940458089113235474e-02
-9.988997131586074829e-02
-7.572449743747711182e-02
-9.610716998577117920e-02
5.742571502923965454e-02
-1.620202511548995972e-02
3.570983558893203735e-02
-9.711425751447677612e-02
-1.546896249055862427e-02
-9.062675386667251587e-02
-4.238839447498321533e-02
1.032501831650733948e-01
-2.135325223207473755e-02
-8.226850628852844238e-02
-6.755366921424865723e-02
-4.207172989845275879e-02
1.873139292001724243e-02
-6.478391587734222412e-02
8.681232482194900513e-02
-3.246974945068359375e-02
-7.275980710983276367e-02
7.197871804237365723e-03
-1.032090336084365845e-01
6.646160036325454712e-02
-4.902629926800727844e-02
-6.484286487102508545e-02
3.770516067743301392e-02
4.700993746519088745e-02
3.471814841032028198e-02
4.328235983848571777e-03
2.496495842933654785e-03
-1.839920878410339355e-04
-8.687882870435714722e-02
6.210205703973770142e-02
1.823025196790695190e-02
7.206713408231735229e-02
-5.220107361674308777e-02
5.975093692541122437e-02
2.854264527559280396e-02
-9.523256123065948486e-02
-5.522802472114562988e-03
8.813685923814773560e-02
7.694045454263687134e-02
-2.483177930116653442e-02
-8.211372792720794678e-02
-1.071623116731643677e-01
9.647624939680099487e-02
-5.524578317999839783e-02
-1.026021391153335571e-01
3.101623803377151489e-02
2.128719538450241089e-02
7.594507187604904175e-02
7.243434339761734009e-02
-3.114206343889236450e-02
9.991996735334396362e-02
4.898355156183242798e-02
-6.456434726715087891e-02
4.528810828924179077e-02
2.162655442953109741e-02
-9.594507515430450439e-03
4.291672259569168091e-02
7.363591343164443970e-02
3.579949587583541870e-02
9.969586879014968872e-02
8.188646286725997925e-02
-3.063026070594787598e-02
-4.773515090346336365e-02
1.436991244554519653e-02
5.191238969564437866e-02
-6.119474396109580994e-02
-8.321653306484222412e-02
-3.324734419584274292e-02
-3.360228985548019409e-02
-8.352494984865188599e-02
5.873546004295349121e-03
9.078138321638107300e-02
4.412236064672470093e-02
-2.953265607357025146e-02
-4.800513386726379395e-02
-7.297858595848083496e-03
-5.624657869338989258e-02
-4.743620753288269043e-03
-3.127913177013397217e-02
5.381457507610321045e-03
-4.829916357994079590e-02
-9.153280407190322876e-02
-5.284768342971801758e-02
7.117725908756256104e-03
-7.968976348638534546e-02
-1.715413480997085571e-02
-7.145753502845764160e-02
-7.380123436450958252e-02
-4.879844561219215393e-02
5.328433960676193237e-02
3.077661246061325073e-02
1.087744012475013733e-01
9.151356667280197144e-02
1.785182207822799683e-02
-9.644438326358795166e-02
-4.167688637971878052e-02
3.752037137746810913e-02
3.760097175836563110e-02
-7.144612073898315430e-02
2.814493328332901001e-02
3.325272351503372192e-02
-2.614732086658477783e-02
1.721348613500595093e-02
-3.418077528476715088e-02
-3.899101912975311279e-02
2.115615457296371460e-02
5.660387128591537476e-02
5.587508529424667358e-02
-5.132446810603141785e-02
4.074662923812866211e-03
1.808423548936843872e-02
-9.953229129314422607e-02
4.992342740297317505e-02
5.330808460712432861e-03
-8.003618568181991577e-02
7.248976081609725952e-02
-1.041738837957382202e-01
2.400209754705429077e-02
1.070775091648101807e-03
4.952595382928848267e-02
-9.589157998561859131e-02
1.159261912107467651e-02
1.029260829091072083e-01
6.691423803567886353e-02
9.722695499658584595e-02
-4.540374875068664551e-02
3.728855401277542114e-02
5.315456539392471313e-02
1.506276428699493408e-03
-6.125085055828094482e-03
-1.036826819181442261e-01
5.173120647668838501e-02
1.399603486061096191e-02
1.066298857331275940e-01
2.239110320806503296e-02
7.652603089809417725e-03
-7.512510567903518677e-02
-1.108740270137786865e-02
-7.906010746955871582e-02
-4.785659536719322205e-02
1.715176552534103394e-02
9.297985583543777466e-02
-4.246456176042556763e-02
-3.878597915172576904e-02
-1.020339131355285645e-01
7.076904922723770142e-02
-9.465746581554412842e-02
2.998999506235122681e-02
1.095674932003021240e-02
-8.354237675666809082e-02
-2.014704048633575439e-03
1.046456173062324524e-01
4.132854193449020386e-02
-7.933369278907775879e-02
-9.746874868869781494e-02
5.228642374277114868e-02
-5.372942611575126648e-02
5.082904547452926636e-02
7.214102894067764282e-02
1.277444511651992798e-02
-5.474999174475669861e-02
4.071343690156936646e-02
7.043423503637313843e-02
4.708745330572128296e-02
-3.179806470870971680e-02
-4.809004068374633789e-02
8.352408558130264282e-02
5.037143081426620483e-02
-7.491388916969299316e-02
-9.368120133876800537e-02
1.254988461732864380e-02
2.957794815301895142e-02
9.704207628965377808e-02
-5.617869645357131958e-02
-1.971334964036941528e-02
1.264154165983200073e-02
-3.744423389434814453e-02
7.282414287328720093e-02
4.726200550794601440e-02
-1.814682781696319580e-02
-6.141011044383049011e-02
2.091365307569503784e-02
3.381410986185073853e-02
5.311951786279678345e-02
-7.027487456798553467e-02
8.586636930704116821e-02
9.802519530057907104e-02
-6.883025169372558594e-02
-6.465870141983032227e-02
-3.290906548500061035e-02
-9.417126327753067017e-02
-4.117838293313980103e-02
2.886005491018295288e-02
-6.042232364416122437e-02
-9.519690275192260742e-02
7.531944662332534790e-02
8.516840636730194092e-03
-5.573752149939537048e-02
8.886381983757019043e-04
3.677838295698165894e-02
1.072127893567085266e-01
1.069847270846366882e-01
2.390705794095993042e-02
-2.110636979341506958e-02
-2.269978076219558716e-02
1.693200320005416870e-02
-7.185502350330352783e-02
-7.313925027847290039e-02
2.925076335668563843e-02
9.022436290979385376e-02
