-3.898023441433906555e-02
2.401451021432876587e-02
5.459260940551757812e-02
3.398869186639785767e-02
7.053911685943603516e-04
6.315439939498901367e-02
-2.529508620500564575e-02
-5.517993867397308350e-02
-2.321548759937286377e-02
6.607304513454437256e-02
7.175937294960021973e-02
-4.726004600524902344e-02
-1.917270943522453308e-02
-5.845250189304351807e-02
7.701878249645233154e-02
4.761929810047149658e-02
-5.618506669998168945e-02
-3.222914040088653564e-02
-5.088698118925094604e-02
-1.684770733118057251e-02
2.876714617013931274e-02
-1.849725842475891113e-02
-2.053261175751686096e-02
-2.356827259063720703e-03
-1.200228184461593628e-02
-4.408083856105804443e-03
-3.120632469654083252e-02
-1.056947559118270874e-02
3.412631899118423462e-02
-5.329007282853126526e-02
2.724564075469970703e-02
-2.746261656284332275e-02
-7.721023261547088623e-02
8.123397827148437500e-02
-1.934552937746047974e-02
-2.777766808867454529e-02
-6.821218878030776978e-02
-7.129594683647155762e-03
-7.215486466884613037e-02
4.332512617111206055e-03
4.171594977378845215e-02
3.684600442647933960e-02
-7.797810435295104980e-02
5.333602428436279297e-02
-3.275804221630096436e-02
-5.881347507238388062e-02
7.164861261844635010e-02
-8.184067904949188232e-03
-7.410398125648498535e-02
-4.437019303441047668e-02
-5.083483457565307617e-02
-4.078704491257667542e-02
7.893271744251251221e-02
-3.133065998554229736e-03
4.486076533794403076e-02
-6.987137347459793091e-02
6.843279302120208740e-02
7.826517522335052490e-02
5.906647443771362305e-02
-2.810012549161911011e-02
5.275256931781768799e-03
-1.039563864469528198e-02
-4.950359463691711426e-02
5.582612752914428711e-02
-3.308786824345588684e-02
4.262169450521469116e-02
5.798503756523132324e-02
-6.777630001306533813e-02
7.184058427810668945e-03
2.525255829095840454e-02
6.999954581260681152e-02
3.072883188724517822e-02
-5.516460537910461426e-02
-3.394202515482902527e-02
-4.014558717608451843e-02
-6.839236617088317871e-02
7.635176181793212891e-02
3.331415355205535889e-02
6.543131172657012939e-02
-8.279383182525634766e-03
4.406599700450897217e-02
-1.137614995241165161e-02
-5.461683869361877441e-02
-3.037553280591964722e-02
6.128698587417602539e-04
6.905914843082427979e-02
-3.799304366111755371e-02
-1.296124607324600220e-02
-5.673425644636154175e-02
1.505133509635925293e-02
-5.320169031620025635e-03
-6.689409166574478149e-02
7.722899317741394043e-02
-5.836911499500274658e-03
-3.974704071879386902e-02
-5.143800377845764160e-02
8.151273429393768311e-02
4.739396274089813232e-03
-5.742890760302543640e-02
3.231666982173919678e-03
-7.249639183282852173e-02
-5.865480005741119385e-02
-5.654255300760269165e-02
6.220546364784240723e-02
3.797246515750885010e-02
-4.961814731359481812e-02
1.654575765132904053e-02
5.889609456062316895e-04
5.226933956146240234e-02
2.124946564435958862e-02
-4.322649911046028137e-02
-2.532734349370002747e-02
7.337418198585510254e-02
-6.418310850858688354e-02
-5.414673686027526855e-02
4.154086112976074219e-03
4.685327410697937012e-02
-3.717045485973358154e-02
-1.055482029914855957e-02
-3.900766372680664062e-02
-7.430614531040191650e-02
5.677312612533569336e-02
-1.142899692058563232e-02
4.521965980529785156e-02
3.219109028577804565e-02
-6.785190850496292114e-02
-4.615196958184242249e-02
3.253465145826339722e-02
-4.617857933044433594e-02
-1.209882646799087524e-02
4.642944037914276123e-02
-4.275848716497421265e-02
-1.922123134136199951e-02
7.330779731273651123e-02
1.191145926713943481e-02
-1.306530833244323730e-02
-4.079093784093856812e-02
-5.213408544659614563e-02
1.965180784463882446e-02
2.765204012393951416e-02
8.398316800594329834e-03
-8.110190182924270630e-02
3.074616938829421997e-02
3.206353634595870972e-02
-1.571528613567352295e-03
2.533942461013793945e-03
2.396517992019653320e-02
7.264938950538635254e-02
-7.878503203392028809e-02
3.215588629245758057e-02
5.127105116844177246e-02
-5.702449381351470947e-02
8.574336767196655273e-03
5.862635374069213867e-02
-6.774458289146423340e-02
-3.498800471425056458e-02
-2.182805165648460388e-02
2.064210176467895508e-02
5.981399118900299072e-02
2.218206226825714111e-02
1.357962936162948608e-02
6.228414177894592285e-02
8.079744875431060791e-02
-3.970381617546081543e-02
-5.764144659042358398e-02
-3.238535299897193909e-02
-1.619029045104980469e-02
-6.562615185976028442e-02
5.698136985301971436e-02
4.328198730945587158e-03
-2.452328801155090332e-03
-5.284277349710464478e-02
1.318084448575973511e-02
-2.733949944376945496e-02
7.444988191127777100e-02
1.501590013504028320e-03
3.729393333196640015e-02
-1.573861390352249146e-02
7.225835323333740234e-02
-4.659999534487724304e-02
-5.754405260086059570e-02
2.898506820201873779e-02
-1.770725101232528687e-02
-6.275668740272521973e-03
4.372283816337585449e-03
-6.894062459468841553e-02
6.305678188800811768e-02
-3.834051638841629028e-02
-6.262703984975814819e-02
-5.934267863631248474e-02
-7.476992905139923096e-03
-3.502281010150909424e-02
-5.906619131565093994e-02
-5.488356575369834900e-02
3.090237081050872803e-02
-2.914499491453170776e-02
5.099149048328399658e-02
7.702539861202239990e-02
-4.664309322834014893e-03
-7.567748427391052246e-03
2.103698998689651489e-02
5.054853856563568115e-02
-4.643617197871208191e-02
-6.878866255283355713e-02
-7.129304111003875732e-02
2.894945442676544189e-02
3.703261911869049072e-02
-4.206891357898712158e-02
4.089876264333724976e-02
-9.588927030563354492e-03
-7.648130506277084351e-02
-5.371718108654022217e-02
-4.163533449172973633e-04
5.722804367542266846e-02
-6.490719318389892578e-02
4.607535898685455322e-02
5.987770855426788330e-03
-2.758111059665679932e-02
2.127887308597564697e-02
-3.957796096801757812e-02
5.478508770465850830e-03
3.667262196540832520e-02
-7.810176163911819458e-02
-5.947551131248474121e-02
7.268050312995910645e-02
3.541722893714904785e-03
5.598415434360504150e-02
1.901559531688690186e-02
4.898601770401000977e-02
2.005784958600997925e-02
-4.340898990631103516e-02
6.425742805004119873e-02
6.300048530101776123e-02
-3.461220860481262207e-02
5.984419584274291992e-02
2.191185206174850464e-02
7.502026855945587158e-02
-2.987753227353096008e-02
-4.993980750441551208e-02
3.319631516933441162e-02
2.440025657415390015e-02
1.076662540435791016e-02
1.768442243337631226e-02
-7.457935065031051636e-02
-6.494009494781494141e-02
-8.162018656730651855e-02
1.977874338626861572e-02
-3.907755017280578613e-04
-8.058326691389083862e-02
-7.158970832824707031e-02
-5.059248208999633789e-02
2.474452555179595947e-02
6.532496213912963867e-02
5.299654603004455566e-02
-6.508652865886688232e-02
-1.432806998491287231e-02
-7.720609009265899658e-02
-7.717771828174591064e-02
5.413436889648437500e-02
5.167293548583984375e-02
-5.118999630212783813e-02
2.171433717012405396e-02
-7.927928864955902100e-02
-5.794331803917884827e-02
-7.107154279947280884e-02
-3.719541057944297791e-02
2.378147840499877930e-02
-2.169637754559516907e-02
-7.875971496105194092e-02
1.107007265090942383e-03
3.055823594331741333e-02
6.103932857513427734e-02
2.156529575586318970e-02
4.436279833316802979e-02
4.638412594795227051e-02
-6.211116909980773926e-02
7.038161158561706543e-02
-1.367150992155075073e-02
7.316726446151733398e-02
9.615577757358551025e-03
-5.647502839565277100e-03
-7.622865587472915649e-02
-3.054233267903327942e-02
7.045318186283111572e-02
-2.054046839475631714e-02
4.213842749595642090e-02
-7.022839784622192383e-02
6.471018493175506592e-02
-1.200024038553237915e-02
3.189187496900558472e-02
2.713530510663986206e-02
3.031197190284729004e-02
-5.197997391223907471e-02
4.225729405879974365e-02
3.811381757259368896e-02
2.825652807950973511e-02
5.892013013362884521e-02
2.711777389049530029e-02
-4.016014561057090759e-02
2.903466671705245972e-02
-6.931010633707046509e-02
-4.973610863089561462e-02
7.735250890254974365e-02
-2.111095190048217773e-02
-4.608109965920448303e-02
-7.862812280654907227e-02
-1.992235705256462097e-02
-5.912891402840614319e-02
3.161351382732391357e-02
6.758745014667510986e-02
1.107499748468399048e-02
1.124303042888641357e-02
6.981553137302398682e-02
-5.329324305057525635e-02
-1.443754881620407104e-02
-3.885924071073532104e-02
-6.194889545440673828e-02
4.287707805633544922e-02
-2.897317335009574890e-02
9.801536798477172852e-04
5.064252018928527832e-02
-4.406011477112770081e-02
-6.675200164318084717e-02
-5.883454531431198120e-02
2.951321750879287720e-02
-1.138513535261154175e-02
-9.329207241535186768e-03
7.891239225864410400e-02
3.438904881477355957e-02
4.246553033590316772e-02
-3.243373706936836243e-02
4.901061952114105225e-02
-2.516564354300498962e-02
-7.061565667390823364e-02
2.613279223442077637e-02
-1.867386698722839355e-02
6.027764081954956055e-02
7.086133956909179688e-02
-6.782110780477523804e-02
6.443713605403900146e-02
-6.973972171545028687e-02
7.027915120124816895e-02
-6.010156124830245972e-02
6.726232171058654785e-02
-6.781109422445297241e-02
4.536874592304229736e-03
-1.736275851726531982e-03
-3.621882200241088867e-02
1.020796597003936768e-03
-1.304548978805541992e-02
-6.993920356035232544e-02
3.609709441661834717e-02
2.494484931230545044e-02
2.169328927993774414e-02
-4.300692304968833923e-02
7.047013938426971436e-02
4.256334155797958374e-02
-6.219515949487686157e-02
1.857739686965942383e-02
8.113270998001098633e-02
7.588231563568115234e-02
-4.799634963274002075e-02
-7.827496528625488281e-02
-1.198389381170272827e-02
-3.544739261269569397e-02
-4.306261613965034485e-02
4.097159206867218018e-02
4.837411642074584961e-02
-2.040122076869010925e-02
-3.808969631791114807e-02
7.829229533672332764e-02
-5.354680120944976807e-02
-4.971350729465484619e-02
-1.909190416336059570e-02
-8.205771446228027344e-03
5.689051747322082520e-02
-8.598491549491882324e-04
2.712006121873855591e-02
1.441493630409240723e-03
-1.841473579406738281e-02
4.395957291126251221e-02
-6.847286969423294067e-02
4.655034840106964111e-02
6.203129887580871582e-02
3.057651966810226440e-02
-1.847979426383972168e-02
5.088587105274200439e-02
-3.388643637299537659e-02
-4.818126559257507324e-03
-5.343651026487350464e-02
-2.814968675374984741e-02
4.382406175136566162e-02
-1.006305217742919922e-02
-7.015573233366012573e-02
4.310940206050872803e-02
1.559086143970489502e-03
2.797581255435943604e-03
-2.443982288241386414e-02
-7.560960203409194946e-02
5.960300564765930176e-02
1.632861047983169556e-02
-2.736806869506835938e-03
-1.049088686704635620e-02
-3.335168212652206421e-02
-6.713271141052246094e-03
-7.822763174772262573e-02
5.232878029346466064e-02
-2.804581448435783386e-02
-4.292975738644599915e-02
7.806259393692016602e-02
1.514468342065811157e-02
6.713400781154632568e-02
5.283844470977783203e-02
-4.784856736660003662e-02
1.336104422807693481e-02
-6.622389703989028931e-02
-4.623467102646827698e-02
1.311526447534561157e-02
6.732316315174102783e-02
3.776634484529495239e-02
7.761318981647491455e-02
-1.541194319725036621e-02
7.955695688724517822e-02
2.282717078924179077e-02
-5.867712199687957764e-03
5.593195557594299316e-02
-4.338383674621582031e-02
-5.627395212650299072e-02
7.041670382022857666e-02
-5.865835398435592651e-02
4.042690992355346680e-02
-3.492416068911552429e-02
2.891765534877777100e-02
-7.436934858560562134e-02
7.994289696216583252e-02
6.359302997589111328e-02
7.041214406490325928e-02
-8.117190748453140259e-02
6.022331118583679199e-02
-6.290071457624435425e-02
-1.970458403229713440e-02
3.878547251224517822e-02
-2.681113034486770630e-02
2.997037768363952637e-02
1.754183322191238403e-02
8.106358349323272705e-02
5.310350656509399414e-02
7.445833086967468262e-02
-5.115648359060287476e-02
1.669196039438247681e-02
-7.472914457321166992e-02
-5.830462276935577393e-02
-6.364620476961135864e-02
3.149363398551940918e-02
-7.502079010009765625e-02
5.623492598533630371e-02
1.183935254812240601e-02
2.628009021282196045e-02
5.179639160633087158e-02
2.572811394929885864e-02
-1.168239116668701172e-02
1.059871912002563477e-02
-6.020941585302352905e-02
7.201187312602996826e-02
-3.229953348636627197e-03
6.855194270610809326e-02
-1.095525920391082764e-02
-6.035540252923965454e-02
-7.727606594562530518e-02
-4.409998282790184021e-02
-5.359501019120216370e-02
4.475003480911254883e-02
-5.318993330001831055e-02
-5.038644373416900635e-02
7.843531668186187744e-02
1.339957118034362793e-03
-3.705506771802902222e-02
-4.258766770362854004e-03
4.865129292011260986e-02
6.887239217758178711e-02
2.498421818017959595e-02
3.941962122917175293e-02
6.009623408317565918e-02
-3.557118028402328491e-02
-9.306296706199645996e-04
9.040869772434234619e-03
2.566681802272796631e-02
-6.427673250436782837e-02
1.551270484924316406e-03
-6.871323287487030029e-02
-3.156256675720214844e-02
4.782347381114959717e-02
-3.645721077919006348e-02
4.031633585691452026e-02
-2.335578575730323792e-02
-1.296762377023696899e-02
3.853458911180496216e-02
5.269399285316467285e-02
2.784644067287445068e-02
1.699665188789367676e-02
4.483714699745178223e-02
1.010777056217193604e-02
-5.917154252529144287e-03
-5.264990031719207764e-03
-4.206669703125953674e-02
2.491463720798492432e-02
2.747029066085815430e-05
-3.671489283442497253e-02
-6.509929895401000977e-02
-3.054742142558097839e-02
1.058894395828247070e-02
-4.227603226900100708e-02
-7.224157452583312988e-04
-6.348813325166702271e-02
6.354977190494537354e-02
1.424413919448852539e-02
7.093782722949981689e-02
-4.656445980072021484e-02
3.103417158126831055e-02
-6.603407859802246094e-02
-3.304287046194076538e-02
7.250612974166870117e-02
-4.883058369159698486e-03
-4.872925579547882080e-03
-7.579920440912246704e-02
4.449017345905303955e-03
-6.019910052418708801e-02
1.446086168289184570e-02
7.940933108329772949e-03
-7.233744859695434570e-02
6.250342726707458496e-02
-1.414715498685836792e-02
-5.426801741123199463e-02
7.827746868133544922e-02
4.680575430393218994e-02
-2.706071734428405762e-02
1.448423415422439575e-02
-6.438665091991424561e-03
2.430555969476699829e-02
1.459753513336181641e-02
4.723839461803436279e-02
3.529366850852966309e-02
-6.108698993921279907e-02
-4.953850060701370239e-02
-3.502876684069633484e-02
-3.376164287328720093e-02
2.840157598257064819e-02
-1.211933791637420654e-02
-2.378885447978973389e-02
-7.917045056819915771e-02
3.323651850223541260e-02
-3.558439016342163086e-02
-6.862618029117584229e-02
2.786954492330551147e-02
-4.033347964286804199e-02
-5.341222882270812988e-02
-7.048950344324111938e-02
-6.601958721876144409e-02
-4.024988785386085510e-02
7.205744087696075439e-02
-4.404914379119873047e-02
6.945002079010009766e-02
1.583933830261230469e-03
6.000818312168121338e-02
-7.893270999193191528e-02
7.809767127037048340e-02
-1.913852989673614502e-02
2.184573560953140259e-02
-7.607132196426391602e-02
3.302171826362609863e-02
-2.289403229951858521e-02
-2.562912553548812866e-02
-7.740936428308486938e-02
1.851022988557815552e-02
3.885991871356964111e-02
-2.342764660716056824e-02
7.381673157215118408e-02
3.782019019126892090e-02
4.143126308917999268e-03
6.593953073024749756e-02
-2.304520085453987122e-02
-3.766446560621261597e-02
2.387589961290359497e-02
4.925343394279479980e-02
2.155085653066635132e-02
-4.185496643185615540e-02
-7.652804255485534668e-03
-4.919970780611038208e-02
-6.572231650352478027e-03
4.271626472473144531e-02
2.330760657787322998e-02
8.001068234443664551e-02
-5.859545618295669556e-02
-2.422056719660758972e-02
7.403121888637542725e-02
1.356968283653259277e-02
1.274402439594268799e-02
3.580391407012939453e-03
3.426616638898849487e-02
7.463066279888153076e-02
-1.700795441865921021e-02
-5.231977999210357666e-02
7.527157664299011230e-03
-2.803049981594085693e-03
9.020619094371795654e-03
1.407012343406677246e-02
4.059527069330215454e-02
4.125204682350158691e-02
-4.264160990715026855e-03
5.537270009517669678e-02
-6.318498402833938599e-02
3.954440355300903320e-02
-4.425621405243873596e-02
-6.499379873275756836e-02
1.527823507785797119e-03
-6.761161983013153076e-02
-2.864667400717735291e-02
-5.606253445148468018e-02
7.790108025074005127e-02
5.283853411674499512e-02
-6.674073636531829834e-02
-3.005930408835411072e-02
-1.412111520767211914e-02
1.217021048069000244e-02
-7.242400944232940674e-02
-2.887340635061264038e-02
-2.270883694291114807e-02
-6.408126652240753174e-02
-5.515694618225097656e-03
-2.664904296398162842e-02
6.930416822433471680e-02
-1.731169223785400391e-02
5.402904748916625977e-02
5.597911775112152100e-03
-2.635652199387550354e-02
6.543785333633422852e-02
3.763315081596374512e-02
2.684444934129714966e-02
-2.062486484646797180e-02
4.643835127353668213e-02
7.549497485160827637e-02
3.304179012775421143e-02
-3.537808731198310852e-02
2.399370074272155762e-03
1.716239750385284424e-02
-3.859862685203552246e-02
-5.178169906139373779e-02
3.287501633167266846e-03
5.962233245372772217e-02
-6.386309862136840820e-02
-8.125521242618560791e-02
3.150379657745361328e-02
-7.835847139358520508e-02
5.715268850326538086e-02
-5.456669628620147705e-02
-5.710202082991600037e-02
1.549484580755233765e-02
-1.637414842844009399e-02
5.063433945178985596e-02
8.605122566223144531e-04
8.633270859718322754e-03
-1.565364003181457520e-02
6.130553781986236572e-02
-5.051086843013763428e-02
7.054206728935241699e-02
-3.475137427449226379e-02
5.274604260921478271e-02
5.478435754776000977e-02
2.241875231266021729e-02
8.137857913970947266e-02
1.372888684272766113e-03
-8.882395923137664795e-03
-6.441141664981842041e-02
-6.165351346135139465e-02
4.704050719738006592e-03
2.085825055837631226e-02
-1.484328508377075195e-02
4.996584355831146240e-02
5.309183895587921143e-02
-4.108538478612899780e-02
9.698569774627685547e-03
9.664624929428100586e-03
4.838731884956359863e-02
6.351636350154876709e-02
1.328422129154205322e-02
6.337019801139831543e-02
1.946450024843215942e-02
-5.241879820823669434e-02
7.524889707565307617e-02
-6.728678941726684570e-03
-1.349113136529922485e-02
1.193280518054962158e-02
-5.534270033240318298e-02
8.413754403591156006e-03
-8.053582906723022461e-02
-3.342114016413688660e-02
5.190157890319824219e-02
3.373002260923385620e-02
2.765565365552902222e-02
3.347794711589813232e-02
-2.065052464604377747e-02
-3.638977929949760437e-02
-6.927340477705001831e-02
-1.614095270633697510e-02
2.277883887290954590e-02
-1.557030528783798218e-02
-5.595318973064422607e-02
-6.477643549442291260e-02
-1.369394361972808838e-02
-5.147400498390197754e-02
7.220353186130523682e-02
5.579960346221923828e-02
7.822039723396301270e-02
-1.951798796653747559e-03
2.225350588560104370e-02
-7.881257683038711548e-02
-5.993445962667465210e-02
-7.162698358297348022e-02
3.964082151651382446e-02
-3.509436920285224915e-02
4.291085153818130493e-02
4.829183220863342285e-02
-5.549348890781402588e-03
-6.124183908104896545e-02
3.325898200273513794e-02
2.799531817436218262e-02
-5.129114538431167603e-02
-6.027060002088546753e-02
-8.826404809951782227e-04
-5.715310201048851013e-02
-5.948396027088165283e-02
-6.202972680330276489e-02
-7.584424316883087158e-02
-4.987370967864990234e-02
1.206256449222564697e-03
-3.890661150217056274e-02
3.141007572412490845e-02
5.926573276519775391e-02
2.857597172260284424e-02
-1.458819955587387085e-02
-1.021441072225570679e-02
2.431172132492065430e-02
-2.183032780885696411e-02
-2.592414617538452148e-02
-4.552882537245750427e-02
-1.886412501335144043e-03
8.120094239711761475e-02
-2.200646325945854187e-02
6.613825261592864990e-02
2.575876563787460327e-02
4.375419020652770996e-02
2.935806661844253540e-02
3.933931142091751099e-02
-4.406567290425300598e-02
-6.269484758377075195e-02
-5.885414779186248779e-02
4.729750752449035645e-02
1.626440137624740601e-02
4.336236417293548584e-02
7.102562487125396729e-02
4.848758876323699951e-02
6.067189574241638184e-02
-7.904328405857086182e-03
4.188059270381927490e-02
-8.607350289821624756e-03
4.678882658481597900e-02
-8.483901619911193848e-04
-3.106857836246490479e-02
-6.767661869525909424e-02
8.100403845310211182e-02
6.920681893825531006e-02
-1.500967890024185181e-02
-7.617382705211639404e-02
-4.586034640669822693e-02
2.721361070871353149e-02
-4.903152585029602051e-02
7.016307115554809570e-02
-1.811613142490386963e-02
5.475537478923797607e-02
3.013622760772705078e-02
1.078046858310699463e-02
7.983703911304473877e-02
4.616254568099975586e-02
-6.772731989622116089e-02
-2.212638780474662781e-02
-2.015298977494239807e-02
-4.025243967771530151e-02
-7.316523045301437378e-02
3.923436254262924194e-02
-5.546088516712188721e-02
2.145595103502273560e-02
7.155448198318481445e-02
-1.596060395240783691e-02
-1.954169571399688721e-02
-3.987304121255874634e-02
1.637587696313858032e-02
7.075859606266021729e-02
1.403215527534484863e-02
-7.724148035049438477e-02
-2.179496735334396362e-02
-2.200343832373619080e-02
-4.277745634317398071e-02
6.941653788089752197e-02
-7.871547341346740723e-02
7.798042893409729004e-02
7.954308390617370605e-02
5.467920005321502686e-02
-5.987305939197540283e-02
-5.756690725684165955e-02
-7.395364344120025635e-03
-2.376921474933624268e-03
-4.398008808493614197e-02
6.151644885540008545e-02
-1.622736454010009766e-05
-5.144338309764862061e-02
-6.884969770908355713e-03
-1.945557445287704468e-02
6.114147603511810303e-02
-5.971802771091461182e-02
3.923407942056655884e-02
4.959788918495178223e-02
-5.811890959739685059e-02
-7.145582139492034912e-02
4.205303639173507690e-02
1.842491328716278076e-02
-7.711725682020187378e-02
1.612500846385955811e-02
-1.114672422409057617e-02
6.516553461551666260e-02
-6.917121261358261108e-02
2.939165383577346802e-02
-1.963274180889129639e-02
-1.724541187286376953e-03
-3.707949817180633545e-02
3.420451283454895020e-02
-7.935486733913421631e-02
4.635006189346313477e-03
4.245492815971374512e-02
7.165980339050292969e-02
-2.265021950006484985e-02
7.911109924316406250e-02
-5.677538737654685974e-02
-2.266730368137359619e-02
-2.584661170840263367e-02
5.288049578666687012e-02
-3.080309182405471802e-02
2.091106027364730835e-02
5.094353854656219482e-02
3.212612867355346680e-02
4.711562395095825195e-02
3.552137315273284912e-02
1.411202549934387207e-02
-2.860576659440994263e-02
7.686612010002136230e-02
-5.370537936687469482e-02
4.057997465133666992e-02
8.022366464138031006e-02
4.902009665966033936e-02
4.441474378108978271e-02
-2.433346584439277649e-02
5.040679872035980225e-02
-1.823759824037551880e-02
5.165874958038330078e-02
-7.417792826890945435e-02
-2.250105515122413635e-02
6.071357429027557373e-02
3.928480297327041626e-02
-6.679641455411911011e-02
3.499679267406463623e-02
5.592712759971618652e-02
-9.887807071208953857e-03
3.451703488826751709e-02
7.123012840747833252e-02
4.053761810064315796e-02
-2.481921017169952393e-02
-7.113687694072723389e-02
2.147720754146575928e-02
4.802976548671722412e-02
5.153761804103851318e-02
-4.745480418205261230e-02
-5.003171041607856750e-02
7.856915891170501709e-02
-1.839724183082580566e-02
5.423717200756072998e-02
-8.641019463539123535e-03
1.329316198825836182e-02
-3.114608675241470337e-02
-3.866098821163177490e-02
-4.969003796577453613e-02
7.505138218402862549e-02
2.316228300333023071e-02
2.403032779693603516e-02
1.745522022247314453e-04
4.688973724842071533e-02
2.328862249851226807e-02
1.479061692953109741e-02
-2.952256426215171814e-02
-7.821187376976013184e-02
-2.376097813248634338e-02
-3.827166184782981873e-02
2.284279465675354004e-02
-4.590414464473724365e-02
-1.025423407554626465e-04
-1.577674597501754761e-02
-4.625289514660835266e-02
2.188041806221008301e-03
-5.997611582279205322e-02
7.825650274753570557e-02
-6.441473215818405151e-02
3.043267875909805298e-02
-3.698477149009704590e-02
1.426468789577484131e-02
5.118921399116516113e-03
7.185892760753631592e-02
5.835320055484771729e-02
4.760184884071350098e-02
5.258244276046752930e-02
6.536881625652313232e-02
-6.839793920516967773e-02
2.513040602207183838e-02
-2.615547180175781250e-02
2.097441256046295166e-02
3.498107194900512695e-02
-5.732803046703338623e-02
9.695313870906829834e-03
-1.242865622043609619e-02
7.755696773529052734e-02
7.311776280403137207e-02
3.291779756546020508e-02
-4.354056715965270996e-02
-1.078234612941741943e-02
-6.442467123270034790e-02
3.417836874723434448e-02
2.776954323053359985e-02
4.066525399684906006e-02
-3.881764784455299377e-02
-6.230811402201652527e-02
-5.014818161725997925e-02
-8.150949329137802124e-02
6.102319061756134033e-02
-3.843427821993827820e-02
-6.394412368535995483e-02
6.739920377731323242e-02
3.992440551519393921e-02
3.727804124355316162e-02
-9.395986795425415039e-03
-6.344619393348693848e-02
-2.153948321938514709e-02
4.729740321636199951e-02
5.226857960224151611e-03
6.155107915401458740e-02
-7.116119563579559326e-02
-7.535599172115325928e-03
6.734679639339447021e-02
2.295459061861038208e-02
-2.908718958497047424e-02
6.678539514541625977e-02
-1.205740869045257568e-02
2.926070988178253174e-02
-2.131212130188941956e-02
-1.459531486034393311e-03
-6.069926917552947998e-02
2.961228787899017334e-02
2.748186886310577393e-02
5.431081354618072510e-02
6.460306048393249512e-02
-6.219954788684844971e-02
5.218145251274108887e-02
-7.137098163366317749e-02
-8.018960058689117432e-02
7.816714048385620117e-02
-1.334957033395767212e-02
7.515020668506622314e-02
-3.886664658784866333e-02
-3.445088490843772888e-02
-1.882162690162658691e-02
6.497384607791900635e-02
4.547424614429473877e-02
5.961710214614868164e-02
-2.572316303849220276e-02
-3.633966296911239624e-02
-7.903929799795150757e-02
-4.795261844992637634e-02
2.074225246906280518e-02
2.478573471307754517e-02
7.840083539485931396e-02
4.696415364742279053e-02
-6.092735379934310913e-02
2.352423965930938721e-02
-1.089485734701156616e-02
-5.963280051946640015e-02
1.247800886631011963e-03
5.862227082252502441e-02
-8.101325482130050659e-02
2.939983457326889038e-02
-2.718716859817504883e-04
-1.326144486665725708e-02
8.015304803848266602e-03
-1.875447481870651245e-02
6.920024752616882324e-02
-5.519372969865798950e-02
1.294319331645965576e-02
-6.809730827808380127e-02
8.511908352375030518e-03
3.949552774429321289e-04
3.953672200441360474e-02
-3.744759410619735718e-02
6.203852593898773193e-02
7.497532665729522705e-02
-6.935862451791763306e-02
5.085062980651855469e-02
-2.245022729039192200e-02
-5.344590544700622559e-02
-2.033586055040359497e-02
-6.055509299039840698e-02
1.166795939207077026e-02
6.553317606449127197e-02
-7.512545585632324219e-02
5.139365792274475098e-02
1.919183135032653809e-02
3.701462596654891968e-02
-3.479149565100669861e-02
6.958693265914916992e-04
4.617594182491302490e-03
-6.867622584104537964e-02
8.111345767974853516e-02
3.184185177087783813e-02
4.303207993507385254e-02
-5.741398781538009644e-02
1.330220699310302734e-02
-8.052744716405868530e-02
-3.081656992435455322e-02
-9.897947311401367188e-03
5.510656535625457764e-02
3.456874936819076538e-02
-4.584502428770065308e-02
-2.707486599683761597e-02
3.084001690149307251e-02
-1.607526093721389771e-02
2.949392795562744141e-02
6.074374914169311523e-02
5.833211541175842285e-02
3.386330604553222656e-02
5.998101830482482910e-02
7.532154023647308350e-02
-4.447781294584274292e-02
-5.987451225519180298e-02
4.652635753154754639e-02
5.671118199825286865e-02
2.961486577987670898e-03
6.441453099250793457e-02
1.648318022489547729e-02
8.282303810119628906e-03
4.887841641902923584e-02
-6.710165739059448242e-02
6.772035360336303711e-02
-1.484993100166320801e-02
-4.434597492218017578e-02
7.671104371547698975e-02
-6.659626960754394531e-04
5.053499341011047363e-02
-6.926268339157104492e-03
-2.264668792486190796e-02
-2.013566717505455017e-02
-5.406334251165390015e-02
-7.799233496189117432e-02
6.089761853218078613e-02
-6.622682511806488037e-02
4.328742623329162598e-02
6.046146154403686523e-02
7.376676797866821289e-02
-5.141954869031906128e-02
4.764404892921447754e-02
1.486815512180328369e-02
-7.210252434015274048e-02
8.020862936973571777e-03
-4.060766845941543579e-02
-8.755587041378021240e-03
8.098390698432922363e-02
-4.450498148798942566e-02
-4.400164633989334106e-02
6.370979547500610352e-02
-2.662837505340576172e-05
-2.887450158596038818e-03
-3.364657610654830933e-02
6.454408168792724609e-03
5.876941978931427002e-02
5.476465821266174316e-02
-1.242268830537796021e-02
-2.443982288241386414e-02
-5.036285147070884705e-02
2.287649363279342651e-02
-1.368570327758789062e-02
-5.790993571281433105e-03
2.466277778148651123e-02
5.636568367481231689e-02
-3.088116645812988281e-04
4.582098126411437988e-02
3.510959446430206299e-02
-6.120973080396652222e-02
-5.984099954366683960e-02
-7.490341365337371826e-02
-2.784194797277450562e-02
8.230060338973999023e-04
3.540475666522979736e-02
7.518470287322998047e-02
-7.115029543638229370e-02
7.311092317104339600e-02
-7.142544537782669067e-02
-4.005305096507072449e-02
-1.365844905376434326e-02
-5.136297643184661865e-02
2.733083814382553101e-02
-5.146843940019607544e-02
-5.222746729850769043e-02
8.712492883205413818e-03
2.923768758773803711e-02
7.582215964794158936e-02
3.107608109712600708e-02
6.497678160667419434e-02
5.455361306667327881e-02
2.657683193683624268e-02
1.912628114223480225e-02
1.785545051097869873e-02
-2.522683516144752502e-02
4.582369327545166016e-02
-3.393748775124549866e-02
6.292515993118286133e-02
1.020208001136779785e-02
5.185869336128234863e-02
-6.112414598464965820e-02
-2.006337046623229980e-03
6.613148748874664307e-02
1.600737869739532471e-02
-6.842089444398880005e-02
-2.943611145019531250e-02
-7.305352389812469482e-02
6.146720051765441895e-02
7.610595226287841797e-02
9.343899786472320557e-03
-2.114500105381011963e-02
2.350609749555587769e-02
-1.674030721187591553e-02
-3.012162446975708008e-02
-6.529659032821655273e-03
-7.947131991386413574e-02
5.738495290279388428e-02
-1.451486349105834961e-02
4.715169966220855713e-02
5.862064659595489502e-02
2.467386424541473389e-02
3.589016199111938477e-02
2.521770447492599487e-02
-1.808480173349380493e-02
-3.775956109166145325e-02
-3.926669806241989136e-02
2.140834927558898926e-02
3.197547793388366699e-02
-6.567975878715515137e-02
-3.042131662368774414e-02
4.474696516990661621e-02
2.751164138317108154e-02
-7.177294045686721802e-02
-5.488368123769760132e-02
-5.295722186565399170e-02
1.965709030628204346e-03
-7.205148041248321533e-02
-1.721318066120147705e-02
-1.105442643165588379e-04
-4.265685006976127625e-02
1.960216462612152100e-02
-3.635502234101295471e-02
8.083601295948028564e-02
7.117159664630889893e-02
-9.250283241271972656e-03
4.735331237316131592e-02
6.912349164485931396e-02
-2.904275804758071899e-02
3.880977630615234375e-02
-1.915311813354492188e-02
5.800287425518035889e-02
-6.601980328559875488e-02
-5.665323138236999512e-02
-5.300281941890716553e-02
-6.406627595424652100e-03
-2.395230531692504883e-02
7.724320888519287109e-02
5.479851365089416504e-02
-4.530532658100128174e-02
7.661582529544830322e-02
-7.885073125362396240e-02
-8.118214458227157593e-02
-4.661412909626960754e-02
7.849717140197753906e-02
-2.608506008982658386e-02
-6.732045114040374756e-02
5.876065790653228760e-02
-4.377887770533561707e-02
-2.434521540999412537e-02
-4.310468584299087524e-02
3.928527235984802246e-02
-7.524382323026657104e-02
-8.093652129173278809e-02
5.214527249336242676e-02
-3.832709416747093201e-02
7.411342859268188477e-02
-7.742799818515777588e-02
7.794444262981414795e-02
-1.605533063411712646e-03
-2.637335285544395447e-02
-7.506178319454193115e-02
-8.905604481697082520e-03
9.860292077064514160e-03
-5.722601711750030518e-02
-5.918974801898002625e-02
-7.883116602897644043e-03
-3.399156033992767334e-03
6.999433040618896484e-02
4.357114434242248535e-02
1.765833795070648193e-02
2.359043806791305542e-02
-3.806936368346214294e-02
-2.977496013045310974e-02
3.930641710758209229e-02
-3.885684534907341003e-02
6.616698205471038818e-02
-4.772036895155906677e-02
-1.659447699785232544e-02
6.708100438117980957e-03
5.411376059055328369e-02
-3.683311492204666138e-02
-3.258265554904937744e-03
-4.865701496601104736e-02
-1.806000620126724243e-02
5.880899727344512939e-03
-1.790143549442291260e-03
-7.046162337064743042e-02
-5.326233804225921631e-03
2.914775162935256958e-02
3.672035038471221924e-02
2.934210002422332764e-03
6.798751652240753174e-02
7.184612751007080078e-02
-1.172012090682983398e-02
-7.350961118936538696e-02
-1.263340562582015991e-02
7.935723662376403809e-02
-4.286453127861022949e-02
1.262621581554412842e-02
4.376886785030364990e-02
7.529290020465850830e-02
-1.696725934743881226e-02
-7.919567823410034180e-02
3.994411975145339966e-02
-2.819539606571197510e-02
-7.959827780723571777e-03
-5.760841071605682373e-02
4.673615097999572754e-03
7.383081316947937012e-02
2.690055966377258301e-02
-3.961649909615516663e-02
7.896088063716888428e-02
2.429755777120590210e-02
1.659764349460601807e-02
2.476195991039276123e-02
-4.680267348885536194e-02
-3.266625851392745972e-02
-1.072180271148681641e-02
1.520300656557083130e-02
1.566613465547561646e-02
5.163380503654479980e-02
-5.693676695227622986e-02
3.416266292333602905e-02
-4.152144864201545715e-02
5.723811686038970947e-02
4.021535068750381470e-02
2.658415585756301880e-02
-1.979512348771095276e-02
2.337566018104553223e-02
-1.086383312940597534e-02
-3.453658893704414368e-02
2.146957069635391235e-02
-7.863353192806243896e-02
1.106722652912139893e-02
1.282572746276855469e-02
-4.861513152718544006e-02
-5.099894851446151733e-02
8.050715923309326172e-02
7.024504244327545166e-03
-3.650503978133201599e-02
6.917342543601989746e-04
7.236106693744659424e-02
-5.461689829826354980e-02
-6.773568689823150635e-02
5.069300532341003418e-02
-5.656608194112777710e-02
3.445445001125335693e-02
-1.795283704996109009e-02
5.214174091815948486e-02
6.890021264553070068e-02
4.180019348859786987e-02
5.301551520824432373e-02
2.465970814228057861e-02
-4.897160828113555908e-02
1.313853263854980469e-02
2.223784476518630981e-02
-5.086889117956161499e-02
-3.597572073340415955e-02
-2.945914119482040405e-02
6.704929471015930176e-02
-3.498832508921623230e-02
-1.260099560022354126e-02
6.469738483428955078e-02
5.506053566932678223e-02
-5.696143209934234619e-02
2.392413467168807983e-02
-2.673223242163658142e-02
4.347881674766540527e-02
-1.504399627447128296e-02
-5.317986011505126953e-03
5.320210754871368408e-02
6.033325195312500000e-02
3.052592277526855469e-02
-5.194116011261940002e-02
-1.943938806653022766e-02
3.872308135032653809e-02
-3.708899766206741333e-02
-3.353081643581390381e-02
6.825108826160430908e-02
-2.368602156639099121e-02
1.704004406929016113e-02
-3.792850300669670105e-02
-9.080819785594940186e-03
-5.119562149047851562e-02
6.320528686046600342e-02
-6.623220443725585938e-02
4.841096699237823486e-02
-6.754952669143676758e-02
6.987859308719635010e-02
-2.641418576240539551e-02
-3.363789245486259460e-02
-6.824331730604171753e-02
7.081657648086547852e-03
-3.151110559701919556e-02
5.176517367362976074e-02
1.279579848051071167e-02
-6.849876046180725098e-02
-6.273630261421203613e-02
3.284693509340286255e-02
7.335028052330017090e-02
1.345212757587432861e-02
6.704328954219818115e-02
-2.202917262911796570e-02
-6.909392774105072021e-02
-4.690467193722724915e-02
-4.919693619012832642e-02
-6.272725760936737061e-02
2.976887673139572144e-02
4.307591915130615234e-02
2.300811558961868286e-02
3.196994960308074951e-02
1.518733054399490356e-02
-2.166479825973510742e-04
-2.707935869693756104e-03
7.058666646480560303e-02
-5.873482674360275269e-02
7.507131993770599365e-02
2.711260318756103516e-02
-2.640740945935249329e-02
3.352403640747070312e-03
4.063341021537780762e-02
3.769114613533020020e-02
4.449482262134552002e-02
-7.009409368038177490e-02
5.810482800006866455e-02
-5.640842020511627197e-02
-2.382318302989006042e-02
-6.272016465663909912e-02
-6.069395691156387329e-02
-4.599003493785858154e-02
7.207877933979034424e-02
-6.029106304049491882e-02
-1.041162759065628052e-02
-4.311126470565795898e-02
-7.113979011774063110e-02
-6.845437735319137573e-02
-4.325709864497184753e-02
-1.668266206979751587e-02
6.190446019172668457e-02
6.018070876598358154e-02
-9.523801505565643311e-03
9.514793753623962402e-03
5.636705458164215088e-02
-7.016628980636596680e-03
-4.248163849115371704e-02
-1.733963191509246826e-02
4.573829472064971924e-02
-7.563532888889312744e-02
7.487802207469940186e-02
1.484680175781250000e-02
2.221599221229553223e-03
-3.379362821578979492e-02
2.971743792295455933e-02
4.746115207672119141e-02
-5.522750318050384521e-03
-7.238706946372985840e-02
7.286457717418670654e-02
2.418078482151031494e-02
-5.508407205343246460e-02
-3.462336957454681396e-02
3.953846544027328491e-02
7.997226715087890625e-02
-4.648834466934204102e-03
3.731695562601089478e-02
4.846988618373870850e-02
-4.694022238254547119e-03
-3.408156335353851318e-03
-8.380487561225891113e-04
-3.388393297791481018e-02
4.385524988174438477e-02
7.721643149852752686e-02
7.061843574047088623e-02
5.862146615982055664e-03
2.891447395086288452e-02
7.567673921585083008e-02
4.774679243564605713e-02
2.527986466884613037e-02
6.375750899314880371e-02
3.680472075939178467e-02
5.435590445995330811e-02
-6.206667795777320862e-02
-7.429737597703933716e-02
-6.608474999666213989e-02
-5.451463162899017334e-03
-4.143964871764183044e-02
3.038453310728073120e-02
9.269513189792633057e-03
-2.118592709302902222e-02
5.032031238079071045e-02
2.362512052059173584e-03
5.668632686138153076e-03
-7.359094917774200439e-03
-3.603460639715194702e-02
1.355012506246566772e-02
-5.793526768684387207e-02
-6.876247376203536987e-02
-2.077928557991981506e-02
-6.006330251693725586e-03
-6.163232401013374329e-02
7.021889090538024902e-02
-3.713060542941093445e-02
2.881311625242233276e-02
-1.471113413572311401e-02
6.161074340343475342e-02
-6.770971417427062988e-02
-7.502693682909011841e-02
6.408068537712097168e-02
-2.678056061267852783e-02
4.351517558097839355e-02
-2.240378037095069885e-02
-8.584223687648773193e-03
-3.777827695012092590e-02
4.834625124931335449e-02
-1.669144630432128906e-02
1.374724507331848145e-02
-4.462704807519912720e-02
1.485198736190795898e-02
-6.562246382236480713e-02
3.397639840841293335e-02
-3.781445324420928955e-03
9.121030569076538086e-03
8.098910748958587646e-02
-5.991202592849731445e-02
2.215307950973510742e-02
6.059812009334564209e-02
-2.273181453347206116e-02
3.733041137456893921e-02
-4.094246774911880493e-02
-7.517412304878234863e-04
-2.886224165558815002e-02
-9.224496781826019287e-03
-6.833191961050033569e-02
7.128229737281799316e-02
5.772399902343750000e-02
7.906624674797058105e-02
-3.871165961027145386e-02
-4.125750064849853516e-02
-2.804547175765037537e-02
1.628871262073516846e-02
-3.737270832061767578e-03
1.969561725854873657e-02
-8.528023958206176758e-03
7.442925870418548584e-02
-3.305182605981826782e-02
7.932832837104797363e-02
-2.354077994823455811e-03
2.857968211174011230e-02
5.141721665859222412e-02
6.507895886898040771e-03
4.608660936355590820e-02
1.655258983373641968e-02
1.022890210151672363e-04
7.081615924835205078e-02
6.835630536079406738e-02
-3.323686867952346802e-02
3.983137011528015137e-02
-1.694202423095703125e-03
-4.369742795825004578e-02
-8.015306293964385986e-02
-7.266506552696228027e-03
6.145623326301574707e-02
-8.001916855573654175e-02
2.686278522014617920e-02
2.711040526628494263e-02
2.936510741710662842e-02
-8.642449975013732910e-03
-5.707551538944244385e-02
-4.369561001658439636e-02
-3.361061960458755493e-02
3.584505617618560791e-02
-6.788685917854309082e-03
-7.545994222164154053e-02
6.252342462539672852e-02
3.251285105943679810e-02
-7.787825167179107666e-02
1.867707818746566772e-02
5.843842029571533203e-02
-6.878343224525451660e-02
-4.433720558881759644e-02
5.191962420940399170e-02
4.318846017122268677e-02
4.385581612586975098e-02
1.696185767650604248e-02
-5.246103927493095398e-02
4.249848425388336182e-03
-3.846295177936553955e-03
2.633550763130187988e-02
5.116069316864013672e-02
5.445961654186248779e-02
-4.112087190151214600e-03
6.464377045631408691e-02
1.580873131752014160e-02
2.924676984548568726e-02
-6.037108600139617920e-03
-1.300585269927978516e-02
-5.315497517585754395e-03
-1.927793025970458984e-02
-7.897484302520751953e-02
-7.034115493297576904e-02
-7.555122673511505127e-02
7.066704332828521729e-02
-2.304734289646148682e-02
6.801559031009674072e-02
-6.860452145338058472e-02
-2.241137251257896423e-02
-5.726017802953720093e-02
-6.830543279647827148e-04
-7.728235423564910889e-02
-1.323562115430831909e-02
-5.288203805685043335e-02
1.536989212036132812e-02
6.931386888027191162e-02
2.630529552698135376e-02
-5.855111032724380493e-02
1.058694720268249512e-02
-4.375503212213516235e-02
-5.562425777316093445e-02
3.086196631193161011e-02
-4.756081104278564453e-02
-4.299496114253997803e-02
-1.519516855478286743e-02
-4.203255847096443176e-02
7.645608484745025635e-02
-6.698101758956909180e-02
-2.062712609767913818e-02
1.263394951820373535e-03
3.436326235532760620e-02
7.531858980655670166e-02
-7.223509252071380615e-02
-6.558245420455932617e-02
-4.046146199107170105e-02
-7.088068127632141113e-02
-1.129836589097976685e-02
6.350877881050109863e-02
-3.703512251377105713e-03
-7.435517758131027222e-02
-7.319830358028411865e-02
4.215881973505020142e-02
-2.749633416533470154e-02
-1.075962185859680176e-02
1.375520974397659302e-02
2.740985155105590820e-02
1.514577865600585938e-02
-2.418338507413864136e-02
-4.350770637392997742e-02
1.656260341405868530e-02
4.112469404935836792e-02
6.883545219898223877e-02
1.863504946231842041e-02
6.857340037822723389e-02
-3.483971580862998962e-02
7.768738269805908203e-02
-2.487127482891082764e-02
3.634891659021377563e-02
7.897299528121948242e-02
4.084732383489608765e-02
2.208042889833450317e-02
-2.622431516647338867e-02
7.734958827495574951e-02
4.560925066471099854e-02
-2.632722631096839905e-02
1.926904916763305664e-02
4.086241871118545532e-02
-1.765375584363937378e-02
-1.655545830726623535e-02
7.084436714649200439e-02
7.897764444351196289e-02
1.085184514522552490e-02
-3.734749555587768555e-02
-4.395249113440513611e-02
-2.163638174533843994e-02
-2.892388403415679932e-02
-5.722657963633537292e-02
8.236303925514221191e-03
1.689422130584716797e-02
6.486481428146362305e-02
-4.869317263364791870e-02
5.538342893123626709e-02
7.162220776081085205e-02
7.592210173606872559e-02
4.650920629501342773e-02
-4.205695167183876038e-02
-7.636788487434387207e-02
6.793458759784698486e-02
5.254475772380828857e-02
2.954696863889694214e-02
4.494546353816986084e-02
7.452845573425292969e-03
5.657596886157989502e-02
-3.879262506961822510e-02
3.897972404956817627e-03
-1.674339920282363892e-02
3.078921139240264893e-02
2.233222126960754395e-03
-1.375086605548858643e-03
-6.541424989700317383e-02
-7.355645298957824707e-03
-5.034953355789184570e-02
3.607869893312454224e-02
5.425663292407989502e-02
1.602599769830703735e-02
7.114246487617492676e-03
-4.709696397185325623e-02
-3.543493151664733887e-02
-2.990458160638809204e-02
5.867680907249450684e-02
-7.379259914159774780e-02
6.036111712455749512e-02
-4.592258110642433167e-02
-1.761557161808013916e-02
-2.193197235465049744e-02
-2.451178058981895447e-02
-3.224422782659530640e-02
6.770534813404083252e-02
-5.583333224058151245e-02
-4.845992103219032288e-02
3.036880493164062500e-02
-6.226747483015060425e-02
3.858808428049087524e-02
6.486669182777404785e-03
4.553274810314178467e-02
9.356133639812469482e-03
-9.704560041427612305e-03
-2.158393710851669312e-02
1.191411912441253662e-02
3.714039176702499390e-02
6.259486079216003418e-02
-1.429766416549682617e-02
-6.848426908254623413e-02
-6.612973660230636597e-02
-7.062609493732452393e-02
-1.742867380380630493e-02
-3.493823111057281494e-03
4.892084002494812012e-02
-5.609024316072463989e-02
-5.758398771286010742e-02
6.056343019008636475e-02
3.481134027242660522e-02
-4.759469255805015564e-02
3.522825241088867188e-02
4.203983396291732788e-02
7.563944160938262939e-02
3.069891035556793213e-02
-7.715868204832077026e-02
5.334624648094177246e-02
-7.630200684070587158e-02
1.051285862922668457e-02
4.899440705776214600e-02
7.963331043720245361e-02
7.991622388362884521e-02
4.815270006656646729e-02
6.172151863574981689e-02
-6.234027445316314697e-02
-2.064037322998046875e-02
6.440596282482147217e-02
2.065317332744598389e-02
-2.300075814127922058e-02
-1.333098113536834717e-02
-6.777274608612060547e-02
-6.571406126022338867e-02
2.123300731182098389e-02
3.214790672063827515e-02
4.057657718658447266e-02
1.234330981969833374e-02
8.106082677841186523e-04
-3.655590862035751343e-02
3.495007753372192383e-03
1.090864837169647217e-02
-4.029877856373786926e-02
1.167627424001693726e-02
4.602734744548797607e-02
-2.658795565366744995e-02
-7.878135144710540771e-02
3.469292819499969482e-02
6.556454300880432129e-02
-8.084261417388916016e-02
-3.917317837476730347e-02
-4.673584550619125366e-02
7.104752957820892334e-02
-6.186442822217941284e-02
-3.268108144402503967e-02
1.230141520500183105e-02
-7.651230692863464355e-02
6.337277591228485107e-03
-2.078823745250701904e-03
3.235610574483871460e-02
5.515378713607788086e-02
2.110133320093154907e-02
2.312599867582321167e-02
1.279838383197784424e-03
5.010490119457244873e-02
3.202074766159057617e-02
2.705185860395431519e-02
-6.452992558479309082e-02
6.705170869827270508e-02
-3.237988054752349854e-02
-5.738180875778198242e-02
-5.165338516235351562e-03
-5.225399881601333618e-02
4.972381889820098877e-02
-6.197489053010940552e-02
-6.240879744291305542e-02
6.287059187889099121e-02
-2.610451728105545044e-02
1.058489084243774414e-03
2.129793912172317505e-02
-7.175607234239578247e-02
2.141732722520828247e-02
1.849688589572906494e-03
1.828873157501220703e-02
7.544921338558197021e-02
-4.441171884536743164e-03
-6.135626509785652161e-02
-4.836605489253997803e-02
-2.161321416497230530e-02
5.400103330612182617e-02
6.400781869888305664e-02
6.489558517932891846e-02
3.606671094894409180e-02
7.507182657718658447e-02
9.554550051689147949e-03
-3.768705576658248901e-02
6.348206102848052979e-02
2.846939861774444580e-02
-6.172776222229003906e-02
2.934820950031280518e-02
-7.888432592153549194e-02
5.698449909687042236e-03
7.329170405864715576e-02
3.980578482151031494e-02
2.637848258018493652e-03
9.747967123985290527e-04
-2.581655234098434448e-02
5.594007670879364014e-03
2.376448363065719604e-02
-4.223221167922019958e-02
2.160757780075073242e-03
-4.232789948582649231e-02
-6.351172924041748047e-04
4.305852949619293213e-02
-9.104415774345397949e-03
3.540795296430587769e-02
-1.384585350751876831e-02
-5.871565267443656921e-02
1.414828002452850342e-02
-8.904531598091125488e-03
-4.996653646230697632e-02
-5.124843120574951172e-02
4.121919721364974976e-02
1.801696419715881348e-02
-1.124456524848937988e-02
1.430106908082962036e-02
-1.081188023090362549e-02
3.447522222995758057e-02
4.231929779052734375e-05
-8.046028017997741699e-02
5.226632952690124512e-02
7.810010015964508057e-02
1.727458089590072632e-02
-7.304109632968902588e-02
6.621466577053070068e-02
5.243968963623046875e-02
2.751582115888595581e-02
-9.091995656490325928e-03
-3.054440394043922424e-02
-1.654397696256637573e-02
-3.232902288436889648e-02
4.955700039863586426e-02
2.880431711673736572e-02
1.098968088626861572e-03
4.465788602828979492e-03
-1.951656118035316467e-02
-4.153886437416076660e-02
8.847087621688842773e-03
6.794396042823791504e-02
-2.145502716302871704e-02
-9.627118706703186035e-04
-4.096437990665435791e-02
7.674998044967651367e-02
-5.593775957822799683e-02
-5.426706373691558838e-02
-4.229144752025604248e-02
1.902838796377182007e-02
-1.392888277769088745e-02
-7.786335051059722900e-02
-1.561605185270309448e-02
2.040133625268936157e-02
6.491221487522125244e-03
-5.911361426115036011e-02
6.468608975410461426e-02
1.401975750923156738e-04
-6.115882471203804016e-02
6.610362231731414795e-02
-1.795914024114608765e-02
-8.727595210075378418e-03
-5.059070885181427002e-03
2.844902127981185913e-02
-1.368336379528045654e-02
-6.363620609045028687e-02
4.524046182632446289e-02
-1.286974549293518066e-02
-7.101523876190185547e-02
-4.704014956951141357e-02
1.900330185890197754e-03
-6.421087682247161865e-02
-1.998010650277137756e-02
7.684658467769622803e-02
8.511386811733245850e-03
-7.894825190305709839e-02
2.163206040859222412e-02
5.842615664005279541e-02
4.191486537456512451e-02
5.062097311019897461e-02
-4.073779284954071045e-02
7.348105311393737793e-03
5.495530366897583008e-02
-4.021146148443222046e-02
6.432962417602539062e-02
1.017400622367858887e-02
5.889886617660522461e-02
2.149485051631927490e-03
-7.005782425403594971e-02
-3.680713847279548645e-02
5.234085023403167725e-03
-7.159028947353363037e-02
3.252357244491577148e-03
6.783849000930786133e-02
-7.654891908168792725e-02
-3.149599954485893250e-02
-1.141463965177536011e-02
-3.694500029087066650e-02
-6.372623145580291748e-03
-7.994373887777328491e-02
-1.141917705535888672e-02
-5.655722320079803467e-02
4.989562928676605225e-02
-6.119716167449951172e-02
-6.898900866508483887e-02
3.950316458940505981e-02
2.909301966428756714e-02
-7.352110743522644043e-02
-4.099017009139060974e-02
2.444802969694137573e-02
-5.386518687009811401e-02
-2.074617519974708557e-02
-7.728248089551925659e-02
1.073816418647766113e-02
2.191629260778427124e-02
6.849700212478637695e-02
-6.046358495950698853e-02
4.651451110839843750e-02
-2.105787396430969238e-02
6.904679536819458008e-02
-6.668618321418762207e-02
-1.740332692861557007e-02
7.479314506053924561e-02
-1.082316786050796509e-02
-4.275574162602424622e-02
6.621751189231872559e-02
4.837515950202941895e-02
-6.087273359298706055e-03
-3.972293063998222351e-02
4.758998751640319824e-02
1.237177103757858276e-02
2.186723053455352783e-03
5.607487261295318604e-02
-5.255611613392829895e-02
-7.702903449535369873e-02
-6.008544564247131348e-02
-1.390913128852844238e-02
6.498897075653076172e-02
2.671633660793304443e-02
-2.742789685726165771e-02
7.487833499908447266e-02
-1.009744405746459961e-02
-6.445601582527160645e-03
4.730483889579772949e-02
1.628635823726654053e-02
-1.213321834802627563e-02
5.915571749210357666e-02
7.252804934978485107e-02
8.063000440597534180e-02
1.170575618743896484e-03
-5.719998851418495178e-02
-1.610442996025085449e-02
-7.956549525260925293e-02
-4.170821607112884521e-02
3.620674461126327515e-02
3.648065030574798584e-03
8.175775408744812012e-03
-1.516506075859069824e-02
-6.305897235870361328e-02
9.963385760784149170e-03
-4.407858848571777344e-02
6.135679781436920166e-03
5.335427820682525635e-02
-5.584933236241340637e-02
5.535216629505157471e-02
4.616598784923553467e-02
2.368799597024917603e-02
-1.318342983722686768e-02
-4.849967360496520996e-02
-2.517933771014213562e-02
-4.691570997238159180e-02
-4.874862730503082275e-03
-1.122675091028213501e-02
1.955977082252502441e-02
8.103434741497039795e-02
3.440879285335540771e-03
-5.725694820284843445e-02
-1.044315844774246216e-02
5.047500133514404297e-03
-6.074752658605575562e-02
-5.315952003002166748e-03
-2.999568358063697815e-02
-7.718451321125030518e-03
-7.706265896558761597e-02
-4.812084138393402100e-02
-3.047382086515426636e-02
-2.709523960947990417e-02
5.364413559436798096e-02
7.328905165195465088e-02
-7.850243151187896729e-02
-7.507660984992980957e-02
3.869980573654174805e-02
5.125992000102996826e-02
-9.217418730258941650e-03
-1.621866226196289062e-02
-3.787130117416381836e-03
-3.875456750392913818e-03
2.777212113142013550e-02
-8.068682998418807983e-02
6.976519525051116943e-02
-6.894841045141220093e-02
7.135376334190368652e-02
1.830895990133285522e-02
4.685193300247192383e-02
-4.825676605105400085e-02
-2.492826431989669800e-02
9.010471403598785400e-03
-4.646025598049163818e-03
-3.305383026599884033e-02
5.285285413265228271e-02
6.097592413425445557e-03
7.227301597595214844e-02
3.422897309064865112e-02
5.233529210090637207e-02
-2.657664567232131958e-02
6.363670527935028076e-02
2.493216842412948608e-02
-4.862037673592567444e-02
-6.686759740114212036e-02
4.115514457225799561e-03
-1.068785786628723145e-02
-3.822929412126541138e-02
6.264179944992065430e-02
-4.094796627759933472e-02
8.161967992782592773e-02
4.613666236400604248e-02
6.251920759677886963e-02
7.875417172908782959e-02
-2.213035151362419128e-02
-6.472036987543106079e-02
-1.266625523567199707e-02
-6.246106326580047607e-02
5.748890340328216553e-02
-6.688062846660614014e-02
-7.587255537509918213e-02
-8.494131267070770264e-03
-4.785889387130737305e-02
9.378321468830108643e-03
-1.655684411525726318e-02
6.574118137359619141e-02
-3.015954792499542236e-02
3.685766458511352539e-02
-1.083669811487197876e-02
7.568383216857910156e-02
1.897079497575759888e-02
3.626011312007904053e-03
2.143527567386627197e-02
-7.898686826229095459e-02
-4.911510646343231201e-02
-4.825539886951446533e-03
-1.778304576873779297e-02
-5.986254662275314331e-02
1.731483638286590576e-02
3.902032971382141113e-03
-2.214490994811058044e-02
-4.733582958579063416e-02
-1.582474261522293091e-02
5.594111979007720947e-03
3.517359495162963867e-03
-2.764555811882019043e-02
6.079152226448059082e-03
-5.111769586801528931e-02
-2.966420352458953857e-02
2.914091944694519043e-02
-7.219631969928741455e-02
2.821552753448486328e-02
5.713461339473724365e-02
4.101514816284179688e-03
2.388034760951995850e-02
-4.593915864825248718e-02
2.695701271295547485e-02
-5.706883966922760010e-02
1.006446778774261475e-02
7.467487454414367676e-02
1.787212491035461426e-02
-1.307719200849533081e-02
3.789201378822326660e-03
-2.674849703907966614e-02
-7.167437672615051270e-02
5.327831208705902100e-02
6.559276580810546875e-02
7.008770108222961426e-02
7.296878099441528320e-02
-1.211367547512054443e-03
5.945606529712677002e-02
1.857237517833709717e-02
3.471726179122924805e-02
8.930385112762451172e-03
-1.593831181526184082e-02
3.945980221033096313e-02
-4.272090643644332886e-02
7.381628453731536865e-02
-2.038275822997093201e-02
-6.729895621538162231e-02
-2.786785364151000977e-03
4.653283953666687012e-02
6.550334393978118896e-02
7.786309719085693359e-02
-1.505188643932342529e-03
-7.012554258108139038e-02
-5.017779767513275146e-03
2.202190458774566650e-03
-6.648396700620651245e-02
1.753275841474533081e-02
-2.829721570014953613e-02
3.199718892574310303e-03
7.595787942409515381e-02
5.353310704231262207e-02
-5.683547258377075195e-02
-2.656343579292297363e-02
1.864102482795715332e-02
3.581576794385910034e-02
4.563555121421813965e-03
-7.284447550773620605e-03
-6.049074232578277588e-02
1.619397848844528198e-02
-7.918310165405273438e-02
-7.234342396259307861e-02
-7.223557680845260620e-02
1.314762979745864868e-02
6.082962453365325928e-02
3.978069126605987549e-02
4.457853734493255615e-03
4.640784859657287598e-02
3.317331522703170776e-02
-1.005659252405166626e-02
-1.968684792518615723e-02
-6.710503250360488892e-02
6.358742713928222656e-02
-7.188893109560012817e-02
-5.522079020738601685e-02
-2.000990137457847595e-02
-4.319385066628456116e-02
2.999352663755416870e-02
2.865844219923019409e-02
-3.778158500790596008e-02
2.805574238300323486e-02
6.226478517055511475e-02
7.582232356071472168e-04
4.734601080417633057e-02
1.896344125270843506e-02
-3.370084986090660095e-02
5.799379944801330566e-02
-7.503956556320190430e-03
1.429712772369384766e-02
-3.797045350074768066e-02
-1.146324723958969116e-02
-1.425193995237350464e-02
3.345809876918792725e-03
-4.397707059979438782e-02
6.568844616413116455e-02
-3.842459246516227722e-02
-9.311154484748840332e-03
-3.624697029590606689e-02
3.943005204200744629e-02
2.314569801092147827e-02
7.353433966636657715e-02
-5.460941419005393982e-02
-1.560278981924057007e-02
-7.629581540822982788e-02
-7.624209672212600708e-02
6.758570671081542969e-04
-3.215776383876800537e-02
7.908174395561218262e-02
7.418841123580932617e-03
3.729888796806335449e-02
-4.607924818992614746e-02
-1.246808469295501709e-02
-1.706995069980621338e-03
-7.621302455663681030e-02
3.393220156431198120e-02
-3.931282460689544678e-02
-9.938634932041168213e-03
5.211620032787322998e-02
3.157303482294082642e-02
-4.070132225751876831e-02
-6.479904055595397949e-02
-3.139997273683547974e-02
1.825049519538879395e-03
4.171756654977798462e-02
3.606061637401580811e-02
-1.818419992923736572e-02
-7.606121152639389038e-02
3.219828009605407715e-03
5.285359919071197510e-02
-1.632814854383468628e-02
-4.956176131963729858e-02
-4.891765490174293518e-02
-5.632361024618148804e-02
-3.156745433807373047e-02
-4.793276265263557434e-02
5.228666961193084717e-02
5.165821313858032227e-02
-5.702538043260574341e-02
1.336500793695449829e-02
-5.412422493100166321e-02
-5.290234088897705078e-02
1.311451196670532227e-04
4.065843671560287476e-02
-2.444355189800262451e-02
-5.247587338089942932e-02
4.787628352642059326e-02
2.620234340429306030e-02
-7.557585835456848145e-03
5.261138081550598145e-03
3.157358616590499878e-02
-3.373160585761070251e-02
-5.304624140262603760e-02
6.824584305286407471e-02
-2.203506976366043091e-02
-6.360927224159240723e-02
3.463039547204971313e-02
2.215515077114105225e-02
3.947940468788146973e-02
-6.537759304046630859e-02
-5.772381275892257690e-02
6.849549710750579834e-02
-2.930456399917602539e-02
4.921610653400421143e-02
1.667407900094985962e-02
7.324109971523284912e-02
2.955926209688186646e-02
-4.554687067866325378e-02
7.235448062419891357e-02
7.511131465435028076e-02
4.384556412696838379e-02
-4.810401052236557007e-02
-3.808834403753280640e-02
7.387985289096832275e-02
-7.415907829999923706e-02
2.783566713333129883e-03
-3.453318029642105103e-02
5.660596489906311035e-02
-7.736369222402572632e-02
-4.923065006732940674e-02
-7.156103849411010742e-02
3.896382451057434082e-02
6.302617490291595459e-03
3.236275911331176758e-02
7.304625213146209717e-02
-7.354575395584106445e-02
-5.789794772863388062e-02
4.252277314662933350e-03
-4.920705780386924744e-02
4.302304983139038086e-02
3.740906715393066406e-03
-6.591606140136718750e-02
-7.563642412424087524e-02
-8.080524206161499023e-02
5.228835344314575195e-02
-2.130640670657157898e-02
-1.873517781496047974e-02
-9.513497352600097656e-04
2.934806048870086670e-03
-3.513925150036811829e-02
5.617141723632812500e-04
3.769144415855407715e-03
3.401450812816619873e-02
7.182791829109191895e-02
7.363139092922210693e-02
-6.585998833179473877e-02
-4.329716414213180542e-02
4.167594015598297119e-02
-1.025803387165069580e-03
7.111012935638427734e-03
-7.141086459159851074e-02
1.209166646003723145e-02
-4.931730777025222778e-02
7.027012109756469727e-02
-4.413791373372077942e-02
-7.135672122240066528e-02
7.198990881443023682e-02
5.017009377479553223e-02
-1.278197765350341797e-02
-6.593094766139984131e-02
-7.476575672626495361e-03
6.126029789447784424e-02
1.201197504997253418e-03
-5.940105020999908447e-02
-3.235160559415817261e-02
4.358842968940734863e-03
2.989879995584487915e-02
-6.759628653526306152e-02
-3.291997686028480530e-02
6.610894203186035156e-02
-6.150601431727409363e-02
7.549197971820831299e-02
-7.515694200992584229e-02
5.422538518905639648e-02
5.036967992782592773e-02
-5.594675242900848389e-02
-2.775261551141738892e-02
-4.014954715967178345e-02
-7.665540277957916260e-02
3.593895584344863892e-02
-3.878852725028991699e-02
-7.503401488065719604e-02
-3.056545928120613098e-02
2.514579892158508301e-02
-5.631635338068008423e-02
7.853914797306060791e-02
-6.356440484523773193e-02
7.683348655700683594e-02
-3.712589666247367859e-02
3.958936780691146851e-02
7.694683969020843506e-02
-6.856624782085418701e-02
7.179379463195800781e-02
-7.652745395898818970e-02
-4.124183952808380127e-02
-2.080000936985015869e-02
-3.858575969934463501e-02
5.739764869213104248e-02
1.235201954841613770e-02
5.196483433246612549e-02
-3.234229236841201782e-02
-2.161771059036254883e-03
-1.043523102998733521e-02
-3.658756241202354431e-02
-2.318263053894042969e-03
7.354581356048583984e-02
3.963460028171539307e-02
1.972676813602447510e-02
-3.494434058666229248e-02
8.086909353733062744e-02
4.199437797069549561e-02
3.405802696943283081e-02
1.093193143606185913e-02
5.110076069831848145e-02
7.298405468463897705e-02
6.570856273174285889e-02
2.737928181886672974e-02
6.104433536529541016e-02
-7.940001785755157471e-02
6.530502438545227051e-02
-3.158065304160118103e-02
-5.905644968152046204e-02
-1.256450265645980835e-02
-7.949098944664001465e-04
-5.343899130821228027e-02
3.135016560554504395e-02
-3.883580118417739868e-02
-3.210620582103729248e-02
8.149886131286621094e-02
-4.465383291244506836e-02
1.645493507385253906e-02
-1.217666268348693848e-02
-7.777436077594757080e-02
-5.930419266223907471e-02
-2.524363622069358826e-02
-3.321551159024238586e-02
7.558989524841308594e-02
-6.246099621057510376e-02
-4.546320438385009766e-02
6.775684654712677002e-02
-3.740330785512924194e-02
-6.987217813730239868e-02
-2.370161190629005432e-02
-7.535091787576675415e-02
5.471941828727722168e-02
4.861295223236083984e-02
5.916392803192138672e-02
-4.310061410069465637e-02
4.002879559993743896e-02
6.480370461940765381e-02
6.904086470603942871e-02
-2.845112979412078857e-02
1.742810010910034180e-02
3.265189379453659058e-02
-6.082449108362197876e-02
-6.245870888233184814e-02
4.323372989892959595e-02
4.256218671798706055e-02
-7.266376912593841553e-02
-8.081872761249542236e-02
-7.591061294078826904e-02
-5.950555205345153809e-03
-2.913599461317062378e-02
-3.204084932804107666e-03
-6.631154567003250122e-02
-7.281985133886337280e-02
7.103775441646575928e-02
7.702229917049407959e-02
-7.848949730396270752e-02
1.379686594009399414e-02
-3.518407419323921204e-02
-5.177605897188186646e-02
-1.666476577520370483e-02
3.717518597841262817e-02
-8.474431931972503662e-03
7.817420363426208496e-02
-2.000238746404647827e-02
4.760485887527465820e-02
-2.145777270197868347e-02
3.534361720085144043e-03
4.575438797473907471e-02
9.848624467849731445e-03
-7.034316658973693848e-04
4.771137237548828125e-02
1.164879649877548218e-02
4.039440304040908813e-02
-5.003781244158744812e-02
3.852146118879318237e-02
-3.572193905711174011e-02
8.039234578609466553e-02
9.282685816287994385e-03
5.222089588642120361e-02
1.991596072912216187e-02
3.723925352096557617e-02
-2.375759929418563843e-02
7.946163415908813477e-03
7.279206812381744385e-02
-1.716325432062149048e-02
-2.899579703807830811e-03
5.304723978042602539e-02
-9.065560996532440186e-03
-1.516556739807128906e-02
