-1.541899889707565308e-02
3.081724792718887329e-02
-2.031461894512176514e-02
-5.399515479803085327e-02
2.552073448896408081e-02
2.820324152708053589e-02
4.400794208049774170e-02
-1.558649539947509766e-02
3.795195370912551880e-02
-4.525528848171234131e-02
3.668351471424102783e-02
1.732797175645828247e-02
5.801805108785629272e-02
2.744593471288681030e-02
-2.181521803140640259e-02
-1.375527679920196533e-02
2.986963093280792236e-02
1.665955036878585815e-02
7.479794323444366455e-03
-3.863576054573059082e-02
3.220826387405395508e-02
-5.992408841848373413e-02
-5.184493958950042725e-02
4.646234214305877686e-03
-3.040996938943862915e-02
-3.757488727569580078e-02
-1.407829672098159790e-02
5.412095040082931519e-02
1.934906840324401855e-02
4.592242091894149780e-02
-4.281099140644073486e-02
3.939337283372879028e-02
-1.404407620429992676e-02
1.319649815559387207e-02
-1.657926291227340698e-02
-7.750526070594787598e-03
-5.187345296144485474e-02
-2.904155105352401733e-02
5.165363848209381104e-02
1.098321378231048584e-02
3.535792976617813110e-02
4.743879288434982300e-02
5.500279366970062256e-03
-5.341950803995132446e-02
-3.955439478158950806e-02
-1.925913244485855103e-02
-2.002325654029846191e-02
1.572482287883758545e-03
3.858868032693862915e-02
-1.321272552013397217e-02
2.861227840185165405e-02
-1.502507179975509644e-02
3.370684385299682617e-02
5.525395274162292480e-02
2.507102489471435547e-02
-5.154737830162048340e-02
3.468697518110275269e-02
2.530937641859054565e-02
-2.858336269855499268e-02
-5.930913239717483521e-02
5.501743406057357788e-02
-1.771110296249389648e-02
4.894872009754180908e-02
-1.525388658046722412e-02
-1.549202948808670044e-02
3.977548331022262573e-02
1.120965182781219482e-02
1.123843342065811157e-02
-1.490539312362670898e-02
3.864985704421997070e-02
-2.653725445270538330e-02
-9.356528520584106445e-03
4.431074857711791992e-02
-4.044981300830841064e-02
-4.304360598325729370e-02
-2.739699184894561768e-02
-5.509304255247116089e-02
1.874057948589324951e-02
-1.606401801109313965e-02
-1.043470203876495361e-02
1.411901414394378662e-02
5.150108039379119873e-02
2.770708501338958740e-02
-5.698918551206588745e-02
2.997032552957534790e-02
-1.711235940456390381e-02
-1.861676573753356934e-03
-5.868856608867645264e-02
-4.198583960533142090e-02
5.575396865606307983e-02
2.063789963722229004e-02
2.648120373487472534e-02
-4.496318846940994263e-02
-4.133445024490356445e-02
-3.347161412239074707e-02
1.025930047035217285e-02
-5.401035398244857788e-02
-5.106867849826812744e-02
1.433635503053665161e-02
3.793212771415710449e-02
-3.268188238143920898e-02
3.469599038362503052e-02
2.715244144201278687e-02
1.907611638307571411e-02
-1.623368263244628906e-02
-6.190617382526397705e-02
-8.082836866378784180e-03
-1.804108917713165283e-02
-5.203399807214736938e-02
4.276397824287414551e-02
5.738600343465805054e-02
2.949920296669006348e-02
3.070414066314697266e-02
-6.123200803995132446e-02
-1.749865710735321045e-02
-4.268199950456619263e-02
-3.243865817785263062e-02
-3.998033702373504639e-03
3.241958469152450562e-02
5.359118431806564331e-02
