8.996888995170593262e-02
2.912858128547668457e-02
4.945117235183715820e-02
-8.444907516241073608e-02
7.244113087654113770e-02
4.117973148822784424e-03
-8.083678781986236572e-03
3.439457714557647705e-02
-2.767034620046615601e-02
8.204348385334014893e-03
7.961317896842956543e-03
6.562717258930206299e-03
-7.241851091384887695e-02
6.102852523326873779e-02
-7.206963747739791870e-02
-7.472950220108032227e-02
1.603044569492340088e-03
-8.668158203363418579e-02
3.496985137462615967e-02
8.425815403461456299e-02
3.843088448047637939e-02
1.093726605176925659e-02
-7.933513820171356201e-02
2.959784865379333496e-02
-4.643848538398742676e-02
6.374718248844146729e-02
8.952014148235321045e-02
-5.477445572614669800e-02
6.815108656883239746e-02
8.546717464923858643e-02
7.864205539226531982e-02
-6.281899660825729370e-02
-1.514730602502822876e-02
-4.472724720835685730e-02
-3.804804757237434387e-02
-3.753319755196571350e-02
-5.524037778377532959e-02
-2.447720617055892944e-02
6.145185232162475586e-02
1.044844835996627808e-02
-3.699361160397529602e-02
5.212560296058654785e-02
-4.037197679281234741e-02
-1.362158358097076416e-02
1.749961078166961670e-02
-2.903374284505844116e-02
1.212120056152343750e-03
5.830791592597961426e-02
-4.970984533429145813e-02
-4.858493432402610779e-02
-6.169559061527252197e-02
7.427215576171875000e-02
1.133868098258972168e-02
3.120315819978713989e-02
-1.106651872396469116e-02
4.648192226886749268e-02
2.269559353590011597e-02
-2.180293947458267212e-02
-1.410577446222305298e-02
8.675865828990936279e-02
5.305589735507965088e-02
-6.629869341850280762e-02
1.139800995588302612e-02
2.267479896545410156e-02
9.045280516147613525e-02
-8.963897824287414551e-03
-9.776912629604339600e-03
-4.854008927941322327e-02
7.557570934295654297e-03
2.027489244937896729e-03
3.898364305496215820e-02
7.778798043727874756e-02
-3.502465039491653442e-02
-8.904941380023956299e-03
-3.998658433556556702e-02
-7.560318708419799805e-02
-2.629882097244262695e-02
2.119006216526031494e-02
-4.202451556921005249e-02
9.053128957748413086e-02
4.092603921890258789e-04
6.637747585773468018e-02
3.575716912746429443e-02
-5.393125489354133606e-02
