-6.931512057781219482e-02
1.064108237624168396e-01
-7.435621321201324463e-02
-6.226636096835136414e-02
-9.267476201057434082e-02
1.963340491056442261e-02
7.900276035070419312e-02
2.049116045236587524e-02
7.265999913215637207e-03
3.767988830804824829e-02
2.213998883962631226e-02
-1.527133584022521973e-02
9.779765456914901733e-02
1.991703361272811890e-02
1.018250063061714172e-01
-5.916334688663482666e-03
4.214794188737869263e-02
3.983586281538009644e-02
5.451916903257369995e-02
-8.369494974613189697e-02
-9.895958751440048218e-02
-6.693427264690399170e-02
1.791194826364517212e-02
1.828029006719589233e-02
-3.480545431375503540e-02
-5.150518566370010376e-02
-6.653827428817749023e-02
-1.787617802619934082e-04
-7.858582586050033569e-02
6.470977514982223511e-02
-4.143921285867691040e-02
-1.656600832939147949e-02
-7.216271758079528809e-02
-2.301585674285888672e-02
1.036529615521430969e-01
-4.219222813844680786e-02
2.139639109373092651e-02
6.907130032777786255e-02
-4.426436126232147217e-02
9.303026646375656128e-02
-9.970503300428390503e-02
1.041072979569435120e-01
-8.807204663753509521e-02
1.010280624032020569e-01
-4.602713882923126221e-02
1.841075718402862549e-03
-7.181107997894287109e-03
-3.829849511384963989e-02
1.933491975069046021e-02
-4.889642447233200073e-02
-9.621305763721466064e-02
2.597904950380325317e-02
-4.773975536227226257e-02
7.938890904188156128e-02
-6.290906667709350586e-02
-1.054802462458610535e-01
1.065702512860298157e-01
-2.078412473201751709e-02
2.652459591627120972e-02
4.382858425378799438e-02
-4.052487015724182129e-02
-1.110012084245681763e-02
5.329005420207977295e-03
3.867432475090026855e-03
6.690993905067443848e-04
9.177536517381668091e-02
6.567109376192092896e-02
8.215857297182083130e-02
5.840016156435012817e-02
-3.861015290021896362e-02
9.215287119150161743e-02
-9.097883105278015137e-02
5.626491457223892212e-02
3.683457523584365845e-02
-4.822213947772979736e-02
-4.652643948793411255e-02
-9.052032232284545898e-02
-9.631787985563278198e-02
-6.818585842847824097e-02
-4.795473068952560425e-02
3.298792988061904907e-02
-5.437092110514640808e-02
4.759605973958969116e-02
-8.553761988878250122e-02
-1.005116626620292664e-01
9.877289086580276489e-02
-1.050513833761215210e-01
-4.719856753945350647e-02
-4.568237811326980591e-02
-7.667839527130126953e-02
-9.415940940380096436e-02
-8.547119796276092529e-03
-3.571130335330963135e-03
-1.058942079544067383e-02
-7.752792537212371826e-02
6.069124490022659302e-02
9.556924551725387573e-02
8.073157817125320435e-02
-5.373506993055343628e-02
-5.687288194894790649e-02
6.256582587957382202e-02
1.013910546898841858e-01
-1.051053404808044434e-03
-7.524801790714263916e-02
8.775279670953750610e-02
1.048504486680030823e-01
4.094434529542922974e-02
4.819149523973464966e-02
7.191314548254013062e-02
1.049861386418342590e-01
-1.666831970214843750e-02
9.628514200448989868e-02
9.281262755393981934e-04
-1.026250869035720825e-01
-8.464646339416503906e-02
-1.303578168153762817e-02
-9.522396326065063477e-02
-8.591055870056152344e-03
4.370271414518356323e-02
7.619860023260116577e-02
-7.971145957708358765e-02
3.836487978696823120e-02
6.402150541543960571e-02
1.074107065796852112e-01
2.255658060312271118e-02
9.859158843755722046e-02
-6.866954267024993896e-02
-1.505865901708602905e-02
-5.113903060555458069e-02
2.735225111246109009e-02
6.497918814420700073e-02
-3.978521376848220825e-02
5.612955242395401001e-02
7.576929777860641479e-02
1.023151203989982605e-01
-1.653831452131271362e-02
-8.566595613956451416e-02
2.913453429937362671e-02
-2.462088316679000854e-02
3.165834397077560425e-02
3.336178511381149292e-02
7.048697024583816528e-02
-7.252705097198486328e-02
-9.402826428413391113e-03
7.395563274621963501e-02
6.034205108880996704e-02
1.412239670753479004e-02
-8.365102112293243408e-03
-5.384802073240280151e-02
7.645450532436370850e-03
5.565435439348220825e-02
-5.704622715711593628e-02
-3.950554132461547852e-02
1.003332436084747314e-03
8.217328041791915894e-02
5.723855644464492798e-02
2.615285664796829224e-02
-8.399455994367599487e-02
1.015230342745780945e-01
8.255999535322189331e-02
-6.040634959936141968e-02
-1.333990693092346191e-02
-1.588059961795806885e-02
-4.741501435637474060e-02
8.631356805562973022e-02
-2.890437841415405273e-03
3.097873181104660034e-02
-6.253458559513092041e-02
1.269735395908355713e-03
-6.351120769977569580e-02
8.519723266363143921e-02
-2.488963305950164795e-02
3.007429093122482300e-02
-2.236712723970413208e-02
5.983648449182510376e-02
8.655121177434921265e-02
-4.098267108201980591e-02
6.584931164979934692e-02
-9.542450308799743652e-03
5.456157773733139038e-02
-6.911160796880722046e-02
5.917771905660629272e-02
-3.529387712478637695e-02
-5.660586804151535034e-02
-1.264014095067977905e-02
-6.304162740707397461e-02
-2.953801304101943970e-02
8.565401285886764526e-02
1.902335137128829956e-02
-1.047639325261116028e-01
7.861897349357604980e-03
-2.000460028648376465e-02
-9.029719978570938110e-02
1.620856672525405884e-02
-9.384024888277053833e-02
-7.422609627246856689e-02
6.772399693727493286e-02
-5.854341387748718262e-02
-3.111375868320465088e-02
1.035208478569984436e-01
-5.541301518678665161e-02
-3.223799169063568115e-02
-2.138079702854156494e-02
-3.210819512605667114e-02
-1.301563531160354614e-02
6.063837558031082153e-02
8.063577860593795776e-02
1.011401787400245667e-01
1.018621996045112610e-01
-8.435712754726409912e-02
4.093544930219650269e-02
1.704614609479904175e-02
-9.292212873697280884e-02
-5.015991628170013428e-03
2.567332237958908081e-02
2.881707996129989624e-02
-3.660266846418380737e-02
-3.837056457996368408e-03
6.609156727790832520e-03
-7.683214545249938965e-02
-5.985421314835548401e-02
8.188014477491378784e-02
-7.786493748426437378e-02
-1.448997855186462402e-02
3.460458666086196899e-02
3.042010217905044556e-02
-7.948113232851028442e-02
-9.917216747999191284e-02
-4.172701388597488403e-02
7.704318314790725708e-02
-7.587009668350219727e-02
1.069956943392753601e-01
-1.021520644426345825e-01
-4.038420319557189941e-02
-6.873960793018341064e-02
8.041683584451675415e-02
-6.240291893482208252e-02
1.050512120127677917e-01
1.747474819421768188e-02
-1.428537815809249878e-02
8.145376294851303101e-02
8.584695309400558472e-02
-4.201680421829223633e-02
-8.431190997362136841e-02
9.976939111948013306e-02
-1.875038444995880127e-02
4.801916331052780151e-02
5.124524235725402832e-03
-6.500847637653350830e-02
-2.733509242534637451e-02
6.612067669630050659e-02
5.893465131521224976e-02
-2.168855071067810059e-02
-1.034404560923576355e-01
-5.958655849099159241e-02
2.525093406438827515e-02
-1.289159059524536133e-03
-5.896458402276039124e-02
4.341476410627365112e-02
-3.647512197494506836e-02
9.022747725248336792e-02
6.596397608518600464e-02
4.355812817811965942e-02
9.766905754804611206e-02
8.354105800390243530e-02
8.052427321672439575e-02
2.168066054582595825e-02
-1.638015359640121460e-02
3.597464412450790405e-02
5.411972850561141968e-02
-4.918449744582176208e-02
-9.979261457920074463e-02
2.831358462572097778e-02
-1.436568796634674072e-02
6.594368070363998413e-02
-9.974446892738342285e-02
-9.248851984739303589e-02
5.958821624517440796e-02
-5.437720566987991333e-02
-1.011768281459808350e-01
-1.345755159854888916e-02
-4.510757327079772949e-02
6.142870336771011353e-02
-1.050835773348808289e-01
-3.599335253238677979e-02
-6.285302340984344482e-03
2.106819301843643188e-02
-8.609125763177871704e-02
2.018903940916061401e-02
-1.196071505546569824e-02
-4.047362506389617920e-02
6.608655303716659546e-02
-1.080267950892448425e-01
1.731637865304946899e-02
-5.258045718073844910e-02
1.041375175118446350e-01
1.155307143926620483e-02
7.321139425039291382e-02
-7.725286483764648438e-02
7.851066440343856812e-02
6.941791623830795288e-02
1.004146412014961243e-01
1.049367114901542664e-01
7.492939382791519165e-02
1.018788889050483704e-01
-2.896440029144287109e-02
8.265840262174606323e-02
1.046981140971183777e-01
-1.065772101283073425e-01
2.138521522283554077e-02
4.872930794954299927e-02
5.434259027242660522e-02
-6.121075525879859924e-02
5.236033350229263306e-02
4.033830016851425171e-02
2.518876641988754272e-02
7.711348682641983032e-02
-5.002230405807495117e-03
-1.038088575005531311e-01
-2.680172026157379150e-02
-4.969220608472824097e-02
-1.943342387676239014e-03
5.617807060480117798e-02
6.648986786603927612e-02
-7.870765030384063721e-02
6.663969904184341431e-02
1.076042428612709045e-01
1.541619002819061279e-02
-2.657765150070190430e-02
-5.715196952223777771e-02
-9.922995418310165405e-02
-5.727587267756462097e-02
-8.782933652400970459e-02
3.736136108636856079e-02
1.334554702043533325e-02
5.309515446424484253e-02
-1.827594637870788574e-02
1.078702509403228760e-03
7.630208879709243774e-02
5.094138532876968384e-02
-4.240681231021881104e-02
7.577086240053176880e-02
4.454446583986282349e-02
-5.037270858883857727e-02
-5.609288811683654785e-03
8.350803703069686890e-02
5.701603740453720093e-02
2.037795633077621460e-02
3.309033811092376709e-03
-3.905119746923446655e-02
-3.952106833457946777e-02
1.056948080658912659e-01
-6.399166584014892578e-02
5.586586892604827881e-03
2.699767798185348511e-02
-8.019249141216278076e-02
-1.012782528996467590e-01
7.568120211362838745e-02
5.765181034803390503e-02
2.595380693674087524e-02
6.294078379869461060e-02
-8.806398510932922363e-02
-2.054036408662796021e-02
8.573628962039947510e-03
5.928843468427658081e-02
4.516661167144775391e-03
1.065127775073051453e-01
9.606940299272537231e-02
2.443406730890274048e-02
-8.929479122161865234e-02
9.037486463785171509e-02
7.965426892042160034e-02
1.032548621296882629e-01
4.879506677389144897e-02
-9.955982118844985962e-02
-8.126889169216156006e-02
-5.683933943510055542e-02
-3.432489186525344849e-02
2.418838441371917725e-03
1.471997797489166260e-02
-1.044015362858772278e-01
-7.940097153186798096e-02
-6.093021109700202942e-02
-4.031310975551605225e-02
5.495619028806686401e-02
5.584465712308883667e-02
5.148845165967941284e-02
-2.902898192405700684e-02
4.239875823259353638e-02
6.273589283227920532e-02
1.037059947848320007e-01
-3.850993514060974121e-02
4.906434565782546997e-02
1.290769129991531372e-02
-5.098342895507812500e-02
-1.769013702869415283e-03
1.529571413993835449e-02
8.093383163213729858e-02
1.020633354783058167e-01
2.902010828256607056e-02
6.797187030315399170e-03
-6.608530879020690918e-03
-6.973274052143096924e-03
-6.551479548215866089e-02
1.021731570363044739e-01
6.538128107786178589e-02
-9.215137362480163574e-02
9.150313585996627808e-02
9.613988548517227173e-02
5.972627550363540649e-02
-1.744934916496276855e-02
3.569527715444564819e-02
-1.091050356626510620e-02
3.424698859453201294e-02
-6.330537050962448120e-02
1.040428057312965393e-01
2.342010289430618286e-02
-4.075966775417327881e-03
5.490556359291076660e-04
-9.910522401332855225e-02
-7.143624126911163330e-03
1.076714619994163513e-01
7.269211113452911377e-03
-7.888733595609664917e-02
5.489393323659896851e-02
-4.237718880176544189e-03
-5.197826772928237915e-02
5.989442020654678345e-02
5.866401642560958862e-02
8.100586384534835815e-02
-4.530618339776992798e-02
5.779119580984115601e-02
-4.748411849141120911e-02
-6.539718806743621826e-02
8.345184475183486938e-02
-5.003675818443298340e-02
6.611167639493942261e-02
1.068327948451042175e-01
9.944099932909011841e-02
-6.222373992204666138e-02
-5.242920294404029846e-02
-2.934636175632476807e-02
8.556168526411056519e-02
5.602290481328964233e-02
4.275905340909957886e-02
-9.081053733825683594e-02
-9.104276448488235474e-02
2.650807052850723267e-02
-8.092316985130310059e-02
-7.896273583173751831e-02
-5.513329058885574341e-02
-3.750541061162948608e-02
-3.647553175687789917e-02
-3.765900433063507080e-02
1.993203908205032349e-02
9.137103706598281860e-02
6.620100885629653931e-02
6.398401409387588501e-02
7.578619569540023804e-02
1.885257661342620850e-03
8.940102905035018921e-02
9.768236428499221802e-02
-3.514558076858520508e-03
-2.856757491827011108e-02
5.309685319662094116e-02
9.444414824247360229e-02
-5.499111115932464600e-02
9.538114815950393677e-02
1.722837239503860474e-02
2.292972058057785034e-02
-2.745695412158966064e-02
-8.643396198749542236e-02
-8.928012102842330933e-02
-1.089309900999069214e-01
8.177993446588516235e-02
-3.736752271652221680e-02
6.559134274721145630e-02
5.255773663520812988e-03
1.038772612810134888e-02
5.824737995862960815e-02
7.050105184316635132e-02
-9.658921509981155396e-02
6.489283591508865356e-02
-2.929873764514923096e-03
-2.897967398166656494e-02
-2.878558635711669922e-02
-3.110740333795547485e-02
5.820550769567489624e-02
-8.277795463800430298e-02
2.979207783937454224e-02
-9.764970839023590088e-02
-3.027771413326263428e-02
-3.140099346637725830e-02
6.005802005529403687e-02
3.150812536478042603e-02
-5.573411285877227783e-02
-1.080873310565948486e-01
1.585356891155242920e-02
-3.871244192123413086e-02
-1.013463065028190613e-01
-5.415718257427215576e-02
1.007968857884407043e-01
-1.668281108140945435e-02
-5.627981200814247131e-02
7.924966514110565186e-03
8.933407813310623169e-02
-1.546498388051986694e-02
1.396959275007247925e-02
-3.360881656408309937e-02
-2.276823669672012329e-02
-9.872600436210632324e-03
5.700916796922683716e-02
-7.719035446643829346e-02
5.055122077465057373e-03
-2.875582128763198853e-02
4.439480602741241455e-03
-2.706562727689743042e-02
3.080364316701889038e-02
6.671968847513198853e-02
1.130811870098114014e-03
6.856692582368850708e-02
-1.449505239725112915e-02
6.117779761552810669e-02
3.151134401559829712e-02
4.963677376508712769e-02
7.860366255044937134e-02
4.632654041051864624e-02
3.980539739131927490e-03
7.936402410268783569e-02
2.224197238683700562e-02
1.491787284612655640e-02
-1.005999892950057983e-01
3.925333172082901001e-02
9.654894471168518066e-03
-2.342145889997482300e-02
2.075255662202835083e-02
-7.946267724037170410e-03
-1.064608022570610046e-01
-2.942307293415069580e-02
-1.733425259590148926e-02
5.267560482025146484e-03
1.068198904395103455e-01
-7.911710441112518311e-02
-9.067759662866592407e-02
-4.707339033484458923e-02
6.602474302053451538e-02
-5.342331156134605408e-02
1.477432996034622192e-02
-5.686531215906143188e-02
-7.871598005294799805e-02
1.050685420632362366e-01
1.208955049514770508e-02
-5.021404102444648743e-02
8.242539316415786743e-02
4.488419741392135620e-02
6.265476346015930176e-03
-9.656223654747009277e-02
-8.802147954702377319e-02
7.874100655317306519e-02
8.950382471084594727e-03
8.446007221937179565e-02
7.238164544105529785e-04
1.010041758418083191e-01
1.088924631476402283e-01
7.860977202653884888e-02
-7.948627322912216187e-02
9.530417621135711670e-03
8.513420075178146362e-02
-1.074333041906356812e-01
1.020947620272636414e-01
4.431907087564468384e-02
1.002610400319099426e-01
1.018377318978309631e-01
6.858340650796890259e-02
1.007152572274208069e-01
-2.201194316148757935e-02
-1.439928263425827026e-02
9.222219139337539673e-02
1.840198785066604614e-02
8.419059962034225464e-02
1.111196726560592651e-02
-3.429142385721206665e-02
-1.260632276535034180e-02
-1.081678122282028198e-01
-5.502481386065483093e-02
1.604462414979934692e-02
-6.137417256832122803e-02
4.131620377302169800e-02
7.073210924863815308e-02
-5.541188269853591919e-02
-3.529508411884307861e-02
1.016380414366722107e-01
9.794800728559494019e-02
8.457084745168685913e-02
-6.622821092605590820e-02
2.476089447736740112e-02
8.743194490671157837e-02
4.962555319070816040e-02
1.883231848478317261e-02
1.065650656819343567e-01
1.454528421163558960e-02
5.192928761243820190e-02
7.926318794488906860e-02
6.684512645006179810e-02
-3.073925524950027466e-02
9.367758780717849731e-02
9.452166408300399780e-02
2.054462581872940063e-02
4.323529452085494995e-02
-1.742152869701385498e-02
-8.149144053459167480e-02
-2.592632174491882324e-02
-7.807642221450805664e-02
4.790247231721878052e-02
1.377868652343750000e-02
-4.829570651054382324e-03
5.144190043210983276e-02
-6.027643755078315735e-02
5.927165597677230835e-02
-1.673363149166107178e-03
1.041220948100090027e-01
1.023965552449226379e-01
-3.057425469160079956e-02
4.970531910657882690e-02
9.860887378454208374e-02
8.652832359075546265e-02
1.010097563266754150e-02
-3.002075105905532837e-02
-7.438772916793823242e-02
3.215195983648300171e-02
-3.222961723804473877e-02
-1.014652177691459656e-01
-6.567223370075225830e-02
-2.196265757083892822e-02
-5.960025265812873840e-02
1.533858478069305420e-02
-1.399479806423187256e-02
7.516480237245559692e-02
-9.155500680208206177e-02
-3.051408380270004272e-02
5.773096531629562378e-02
-2.050913870334625244e-02
-8.763211965560913086e-02
1.085370704531669617e-01
-7.666776329278945923e-02
5.333537608385086060e-02
-4.077893495559692383e-02
6.384228914976119995e-02
4.153292626142501831e-02
-3.353017568588256836e-02
7.673705369234085083e-02
1.021645888686180115e-01
6.188683956861495972e-02
-5.036998912692070007e-02
9.822522848844528198e-02
1.063743233680725098e-02
3.511647135019302368e-02
-3.648445010185241699e-02
9.925074875354766846e-03
-2.179575711488723755e-02
-9.910674393177032471e-02
4.648195952177047729e-02
9.692063182592391968e-02
-9.885487705469131470e-02
-5.886527895927429199e-02
-8.333264291286468506e-02
-1.039386913180351257e-01
5.758034437894821167e-02
-2.601366490125656128e-02
-5.367437005043029785e-02
-9.169615805149078369e-02
6.740557402372360229e-02
-2.964105457067489624e-02
-2.826701849699020386e-02
-5.752291157841682434e-02
-2.892532944679260254e-02
-2.083843201398849487e-02
-1.283945143222808838e-02
-1.911522448062896729e-02
-5.897631868720054626e-02
-1.003921031951904297e-02
-2.132277935743331909e-02
5.787502974271774292e-02
9.879850596189498901e-02
2.219020575284957886e-02
3.847043961286544800e-02
3.789605945348739624e-02
-5.363394320011138916e-02
-1.823389530181884766e-02
7.331640273332595825e-02
8.171468228101730347e-02
9.307052940130233765e-02
1.088359579443931580e-01
-9.428223967552185059e-02
-9.320963919162750244e-02
-3.340462595224380493e-02
-4.417851567268371582e-03
8.676274865865707397e-02
-8.690501004457473755e-02
-2.672030031681060791e-02
-7.267031818628311157e-02
7.024516910314559937e-02
1.435732096433639526e-02
-5.565807223320007324e-03
-7.474523782730102539e-02
1.084627881646156311e-01
-3.577001392841339111e-03
2.887012809514999390e-02
5.377323180437088013e-02
1.049379780888557434e-01
9.582794457674026489e-02
3.846699744462966919e-02
-7.068729400634765625e-02
2.583124488592147827e-02
-2.521909028291702271e-02
-2.591939270496368408e-02
-3.976656496524810791e-02
9.267465025186538696e-02
-6.215988844633102417e-02
-5.865060165524482727e-02
-8.185396343469619751e-02
-4.284801334142684937e-02
4.312361031770706177e-02
1.421071588993072510e-03
-5.574464797973632812e-02
-7.912865281105041504e-02
-9.718029201030731201e-02
-3.916454315185546875e-02
-8.616167306900024414e-02
-4.939887672662734985e-02
5.107498914003372192e-02
-6.867617368698120117e-03
-6.280180066823959351e-02
-9.301261603832244873e-02
-4.760129749774932861e-02
-9.305191040039062500e-02
-6.922455877065658569e-02
9.823257476091384888e-02
5.578591674566268921e-02
5.364870280027389526e-02
9.444437175989151001e-02
1.059827134013175964e-01
8.720920234918594360e-02
1.013278961181640625e-03
-4.833278805017471313e-02
5.870141834020614624e-02
-4.708538204431533813e-02
2.652395516633987427e-02
-4.283829778432846069e-02
4.077524691820144653e-02
-1.048727333545684814e-01
-9.643872082233428955e-02
-1.286114752292633057e-02
6.973134726285934448e-02
1.004767343401908875e-01
4.604711383581161499e-02
3.652513772249221802e-02
-3.543004393577575684e-02
1.411530375480651855e-02
-2.711883932352066040e-02
-9.357967227697372437e-02
1.004394516348838806e-01
-2.480711787939071655e-02
-5.628207698464393616e-02
-3.352970629930496216e-02
-9.528786689043045044e-02
8.045644313097000122e-02
8.867526799440383911e-02
-1.031492576003074646e-01
2.004858106374740601e-02
-3.090827912092208862e-02
-9.967543929815292358e-02
6.008628755807876587e-02
-1.023299247026443481e-02
5.195493251085281372e-02
4.459489136934280396e-02
-9.609871357679367065e-02
-6.817282736301422119e-02
-2.247438579797744751e-02
5.018050223588943481e-02
9.971109777688980103e-02
-3.672569990158081055e-02
-5.210851877927780151e-02
1.128181815147399902e-03
7.268572598695755005e-02
-2.051414549350738525e-02
-6.657870113849639893e-02
-1.154447346925735474e-02
1.123853772878646851e-02
9.792306274175643921e-02
-6.123035773634910583e-02
3.560001403093338013e-02
-7.834909856319427490e-02
2.378622442483901978e-02
4.788174480199813843e-02
-8.456078171730041504e-02
5.327471345663070679e-02
8.798170834779739380e-02
-9.661618620157241821e-02
6.144266575574874878e-02
-1.849576085805892944e-02
1.043048277497291565e-01
5.465284734964370728e-02
7.779008895158767700e-02
-1.031421050429344177e-01
-1.231494545936584473e-02
7.248119264841079712e-02
7.529518753290176392e-02
-1.007312536239624023e-01
7.479727268218994141e-03
-5.121071264147758484e-02
2.959377318620681763e-02
-7.322038710117340088e-02
-1.057780459523200989e-01
-1.236599683761596680e-02
-4.897944629192352295e-03
-2.719631791114807129e-02
-3.354676067829132080e-03
-7.505437731742858887e-02
-8.023822307586669922e-02
7.780482620000839233e-02
9.896717220544815063e-02
6.398359686136245728e-02
7.443763315677642822e-03
4.794583469629287720e-02
6.458013504743576050e-02
6.002176553010940552e-02
5.439270287752151489e-02
-2.734712511301040649e-02
6.501112133264541626e-02
-1.394299417734146118e-02
-7.929986715316772461e-02
-5.037317797541618347e-02
8.362338691949844360e-02
-6.501644849777221680e-03
-7.283780723810195923e-02
-8.468988537788391113e-02
-9.052939713001251221e-03
1.036801934242248535e-02
-3.423402458429336548e-02
