-1.889770627021789551e-01
2.188718318939208984e-01
2.293448299169540405e-01
3.531431257724761963e-01
-9.274993836879730225e-02
-3.743886575102806091e-02
9.928075224161148071e-02
8.688758313655853271e-02
1.471637636423110962e-01
8.350099623203277588e-02
2.486132234334945679e-01
1.933471709489822388e-01
9.571649134159088135e-02
1.934621036052703857e-01
3.715322315692901611e-01
3.129902528598904610e-03
-1.285952627658843994e-01
1.129480376839637756e-01
1.799122393131256104e-01
1.230481192469596863e-01
-4.322974383831024170e-01
-2.486495077610015869e-01
4.526177793741226196e-02
3.040882647037506104e-01
2.508061826229095459e-01
6.236174330115318298e-02
-2.716046273708343506e-01
-5.002447366714477539e-01
-1.021197199821472168e+00
-4.255683124065399170e-01
-1.335099339485168457e-01
-2.004889845848083496e-01
1.411517262458801270e-01
-2.670152485370635986e-01
3.705580532550811768e-02
-2.034726738929748535e-01
-6.298731267452239990e-02
1.001355145126581192e-02
-1.092160791158676147e-01
2.989928796887397766e-02
-1.015893816947937012e-01
3.679915890097618103e-02
2.659947425127029419e-02
7.390850037336349487e-02
1.089607551693916321e-01
1.923287846148014069e-02
2.432408928871154785e-02
4.312707856297492981e-02
2.345139347016811371e-02
6.821723282337188721e-02
4.952696338295936584e-02
1.649243086576461792e-01
2.505267858505249023e-01
1.541623175144195557e-01
-1.573115289211273193e-01
2.062616311013698578e-02
1.255217790603637695e-01
1.959108859300613403e-01
2.050421833992004395e-01
-8.992283046245574951e-02
-1.472418606281280518e-01
-2.292707003653049469e-02
-6.861373037099838257e-02
8.562562055885791779e-03
-1.812720745801925659e-01
-2.400172203779220581e-01
-8.121269196271896362e-02
-4.728549718856811523e-02
-7.853169739246368408e-02
-1.800649054348468781e-02
-1.054777875542640686e-01
-2.402280271053314209e-01
-1.686076968908309937e-01
-6.098225712776184082e-02
6.673775613307952881e-02
5.181632637977600098e-01
5.761011838912963867e-01
4.796693474054336548e-02
-5.495081543922424316e-01
-6.596158146858215332e-01
-6.427723169326782227e-02
-3.889265954494476318e-01
-1.594763696193695068e-01
-5.695993080735206604e-02
-2.384710311889648438e-02
1.918787658214569092e-01
-3.622311353683471680e-02
-1.125647276639938354e-01
-2.832271158695220947e-02
4.915572702884674072e-02
-2.077868953347206116e-02
-1.120978407561779022e-02
-3.875792399048805237e-02
1.130352448672056198e-02
2.402379363775253296e-02
-1.752266138792037964e-01
-2.481654137372970581e-01
-3.488413095474243164e-01
-3.212227821350097656e-01
-7.103669643402099609e-02
-8.098026514053344727e-01
-1.042927742004394531e+00
-5.016576051712036133e-01
4.744326323270797729e-02
1.137000042945146561e-02
-6.396258622407913208e-02
-1.785687804222106934e-01
2.769037149846553802e-03
2.950946986675262451e-01
1.091248393058776855e-01
-1.885933876037597656e-01
-7.775006815791130066e-03
8.600032329559326172e-02
-4.762459546327590942e-02
-4.944532364606857300e-02
-2.056634575128555298e-01
8.300280570983886719e-02
4.651389643549919128e-02
-1.644165068864822388e-01
-3.274432383477687836e-03
-1.641382724046707153e-01
5.184232443571090698e-02
1.291576474905014038e-01
2.096613794565200806e-01
-3.573127090930938721e-02
-4.797825217247009277e-02
-2.836381085216999054e-02
2.732377350330352783e-01
2.788971364498138428e-01
-2.457594871520996094e-01
-6.564588844776153564e-02
8.083838969469070435e-03
2.499932944774627686e-01
1.083079054951667786e-01
8.735635876655578613e-02
5.515779182314872742e-02
6.035200506448745728e-02
1.240498945116996765e-01
2.427082806825637817e-01
9.810413420200347900e-02
3.498590085655450821e-03
-1.432614121586084366e-02
-6.184393167495727539e-02
7.238550484180450439e-02
1.056805998086929321e-02
5.016862228512763977e-02
-6.480997800827026367e-02
-5.528816580772399902e-02
1.328497231006622314e-01
-1.849015206098556519e-01
3.323799371719360352e-02
-2.555325813591480255e-02
-1.110321749001741409e-02
2.189640402793884277e-01
-2.351948805153369904e-02
-1.117145195603370667e-01
-1.237896233797073364e-01
-2.145662605762481689e-01
1.070218756794929504e-01
-1.119455788284540176e-03
-1.551717817783355713e-01
-2.010557204484939575e-01
-2.833454310894012451e-02
-9.243714064359664917e-02
1.044302210211753845e-01
-2.058496922254562378e-01
-1.405932307243347168e-01
-1.287500709295272827e-01
1.089713498950004578e-01
-4.093807190656661987e-02
4.045522212982177734e-02
1.176685243844985962e-01
8.584237098693847656e-02
1.471943408250808716e-01
3.894535079598426819e-02
-2.271489612758159637e-02
3.570017963647842407e-02
1.323257107287645340e-02
-5.675023421645164490e-02
1.381722465157508850e-02
1.000494360923767090e-01
7.351439446210861206e-02
6.272729486227035522e-03
-1.794099621474742889e-02
3.884995356202125549e-02
1.026305034756660461e-01
-7.598377764225006104e-02
-5.777714028954505920e-02
-9.642099961638450623e-03
7.239715009927749634e-02
5.463582277297973633e-02
-4.096075892448425293e-02
-7.688121497631072998e-02
-6.693698465824127197e-02
-2.707376703619956970e-02
7.129944115877151489e-02
9.529352188110351562e-02
4.054059088230133057e-02
1.115007624030113220e-01
-3.411131799221038818e-01
-1.589088141918182373e-01
-1.037385538220405579e-01
-8.538733422756195068e-02
6.011871248483657837e-02
4.001651704311370850e-02
2.313532531261444092e-01
1.645888984203338623e-01
5.362490564584732056e-02
-3.748203217983245850e-01
3.292530030012130737e-02
7.336422055959701538e-02
6.175125762820243835e-02
1.426388919353485107e-01
-2.625648081302642822e-01
1.809266209602355957e-01
-1.655465811491012573e-01
-3.954984247684478760e-02
1.978612542152404785e-01
-9.211105108261108398e-02
-3.340923413634300232e-02
2.222809046506881714e-01
1.350516676902770996e-01
2.964322865009307861e-01
-2.576690018177032471e-01
-2.719812691211700439e-01
-1.402344107627868652e-01
1.366320811212062836e-02
8.556126803159713745e-02
9.183531627058982849e-03
2.775040268898010254e-02
-3.932456672191619873e-02
5.129910632967948914e-02
-1.297720940783619881e-03
-5.446015298366546631e-02
-1.200445666909217834e-01
-7.184885442256927490e-02
-1.408735066652297974e-01
-9.576962143182754517e-02
2.850467711687088013e-02
-7.616097480058670044e-02
-7.870635390281677246e-02
4.054976627230644226e-02
1.863757707178592682e-02
-7.163997739553451538e-02
-4.622536525130271912e-02
-3.471602872014045715e-02
6.487923860549926758e-02
4.580798745155334473e-02
9.575311094522476196e-02
1.237387359142303467e-01
1.274303197860717773e-01
9.287784248590469360e-02
1.847424209117889404e-01
1.181905120611190796e-01
-1.443439424037933350e-01
-1.512137353420257568e-01
-3.175703808665275574e-02
-7.413484156131744385e-02
1.991673605516552925e-03
1.660147309303283691e-02
4.342418164014816284e-02
3.300428763031959534e-02
3.484912216663360596e-03
-4.849684238433837891e-02
4.684452340006828308e-02
8.834956586360931396e-02
-2.820404618978500366e-02
-2.157768756151199341e-01
-9.253087639808654785e-02
2.249068021774291992e-02
1.761982776224613190e-02
5.697734653949737549e-03
9.963622689247131348e-02
8.321555256843566895e-01
1.209676384925842285e+00
5.098697543144226074e-02
-3.631186112761497498e-02
-9.630531072616577148e-02
5.713910982012748718e-02
1.853241920471191406e-01
-1.059530973434448242e-01
4.435758665204048157e-02
1.082751248031854630e-02
8.933452889323234558e-03
-1.038279235363006592e-01
-1.346748601645231247e-02
1.131077036261558533e-01
3.600266203284263611e-02
-1.432244032621383667e-01
-1.454077214002609253e-01
-2.705109538510441780e-03
1.289581358432769775e-01
6.548506021499633789e-02
-2.035844512283802032e-02
-2.686857618391513824e-02
1.585752144455909729e-02
3.488149121403694153e-02
1.875849440693855286e-02
-3.455528244376182556e-02
5.148444790393114090e-03
-1.157574430108070374e-01
-2.327602058649063110e-01
-1.016931980848312378e-01
-5.622401237487792969e-01
-2.673923671245574951e-01
-2.038677781820297241e-01
1.575273424386978149e-01
8.271127939224243164e-02
-2.919798195362091064e-01
-9.905492514371871948e-02
5.733477696776390076e-02
6.528120487928390503e-02
-3.700435534119606018e-02
-3.634499013423919678e-02
-1.250572502613067627e-01
-1.286564022302627563e-01
-1.648947149515151978e-01
8.854582160711288452e-02
7.500434666872024536e-02
-1.455556303262710571e-01
-6.234203279018402100e-02
-8.310858160257339478e-02
-5.127281695604324341e-02
-1.362467259168624878e-01
-2.549440562725067139e-01
-1.766436994075775146e-01
1.517716497182846069e-01
3.172171115875244141e-01
2.243101149797439575e-01
1.629202514886856079e-01
-2.980471253395080566e-01
-6.498370319604873657e-02
4.064003750681877136e-02
1.021784823387861252e-02
1.716220080852508545e-01
-2.118091583251953125e-01
7.929885387420654297e-02
1.432959437370300293e-01
1.500923037528991699e-01
2.984202206134796143e-01
-8.269699662923812866e-02
8.709197491407394409e-02
-9.306406974792480469e-02
1.032668054103851318e-01
3.001117706298828125e-01
-6.708437204360961914e-02
-7.302467711269855499e-03
2.204752266407012939e-01
2.804084122180938721e-01
2.354351729154586792e-01
-6.167133897542953491e-02
3.424264863133430481e-02
-1.587013900279998779e-01
-3.691208660602569580e-01
-3.369579017162322998e-01
1.257649511098861694e-01
1.142657995223999023e-01
-7.795796543359756470e-02
-6.094498038291931152e-01
-7.345414161682128906e-02
-1.607730686664581299e-01
-1.970191895961761475e-01
-2.766162753105163574e-01
1.299571449635550380e-04
2.838702797889709473e-01
-1.939194202423095703e-01
-2.261791378259658813e-02
6.025027856230735779e-02
3.068256974220275879e-01
2.457972466945648193e-01
2.149149477481842041e-01
4.380906224250793457e-01
3.170075714588165283e-01
1.954955756664276123e-01
-1.580739468336105347e-01
-2.416144609451293945e-01
-1.743888668715953827e-02
-9.984466433525085449e-02
-2.748149931430816650e-01
-2.337763160467147827e-01
5.678210034966468811e-02
1.426884233951568604e-01
2.449923381209373474e-02
-2.501310966908931732e-02
-9.082623757421970367e-03
-4.472420364618301392e-02
1.027328427881002426e-02
1.293197125196456909e-01
-7.940036803483963013e-02
-1.677827686071395874e-01
-4.528926312923431396e-02
-2.553974837064743042e-02
-7.839656621217727661e-02
-2.093035541474819183e-02
-1.520329620689153671e-02
-8.272629231214523315e-02
-2.600120007991790771e-01
-8.805739879608154297e-02
-7.826790958642959595e-02
-5.379181355237960815e-02
1.125512178987264633e-03
-1.828515976667404175e-01
-3.168782889842987061e-01
-4.145817458629608154e-01
-1.478839516639709473e-01
-1.383645087480545044e-01
-2.447943575680255890e-02
1.355893164873123169e-01
2.182925492525100708e-01
1.731333285570144653e-01
-4.622638598084449768e-02
8.794989436864852905e-03
1.271517276763916016e-01
-2.160378172993659973e-02
-4.090877994894981384e-02
3.567072376608848572e-02
1.620308607816696167e-01
3.664844483137130737e-02
-2.143722958862781525e-02
-2.733740024268627167e-02
-1.047795116901397705e-01
7.908479124307632446e-02
1.100913584232330322e-01
2.118778973817825317e-01
-1.635959595441818237e-01
-4.619196802377700806e-02
-1.996166259050369263e-01
-1.916980445384979248e-01
-2.837838828563690186e-01
-2.035340070724487305e-01
8.158531854860484600e-04
9.576181322336196899e-02
2.588432729244232178e-01
1.243594214320182800e-01
-8.924994617700576782e-02
-4.479912668466567993e-02
5.405339971184730530e-02
1.258171796798706055e-01
7.130434364080429077e-02
-1.900130659341812134e-01
-2.145157940685749054e-02
1.056086644530296326e-01
2.626554807648062706e-03
1.113828346133232117e-01
1.332006752490997314e-01
-1.483682543039321899e-01
-1.260519474744796753e-01
5.618328973650932312e-02
1.424920558929443359e-01
1.807246357202529907e-01
-7.265529036521911621e-01
-1.793192028999328613e-01
-6.924872100353240967e-02
3.255425691604614258e-01
-1.968812495470046997e-01
-4.294589459896087646e-01
-6.959287915378808975e-03
-1.710566729307174683e-01
1.199710369110107422e-01
1.233491450548171997e-01
1.780943572521209717e-02
-1.339377760887145996e-01
-3.502826392650604248e-01
-1.316778659820556641e-01
2.884161174297332764e-01
7.625801116228103638e-02
2.214075624942779541e-01
1.816685646772384644e-01
-4.309310913085937500e-01
6.424671411514282227e-02
1.825872957706451416e-01
2.119690030813217163e-01
5.959731340408325195e-01
-2.513261437416076660e-01
-1.987578719854354858e-01
-2.188939750194549561e-01
-1.380854696035385132e-01
5.140919610857963562e-02
2.789314985275268555e-01
4.657325893640518188e-02
-2.705802917480468750e-01
-1.088485494256019592e-01
8.854578435420989990e-02
6.999381631612777710e-02
-1.014241576194763184e-01
-4.045123159885406494e-01
-1.006359905004501343e-01
2.423380687832832336e-02
3.025623410940170288e-02
-2.810783684253692627e-01
-6.340885907411575317e-02
7.915791869163513184e-02
-2.223413437604904175e-02
-1.638159039430320263e-03
3.178205713629722595e-02
7.985305786132812500e-02
4.229174926877021790e-02
1.027635391801595688e-02
-3.515982627868652344e-02
5.751549452543258667e-02
-2.170336395502090454e-01
6.554486602544784546e-02
-2.084750384092330933e-01
2.817532122135162354e-01
2.938772924244403839e-02
-6.602329760789871216e-02
-3.021186776459217072e-02
-2.947097420692443848e-01
4.306919872760772705e-01
1.704776734113693237e-01
3.455263376235961914e-02
2.434140443801879883e-02
-3.360289633274078369e-01
-1.479215323925018311e-01
4.061252344399690628e-03
1.119851171970367432e-01
2.028729021549224854e-01
-7.777073886245489120e-03
-1.723359078168869019e-01
-6.290890742093324661e-03
2.790692448616027832e-01
3.228570520877838135e-01
4.506444036960601807e-01
3.519639372825622559e-02
1.050032768398523331e-02
-6.453269720077514648e-01
2.284310758113861084e-01
1.125333160161972046e-01
-3.195519447326660156e-01
-2.679089307785034180e-01
9.399467147886753082e-03
2.578513920307159424e-01
1.884680092334747314e-01
-2.377391904592514038e-01
-1.313170492649078369e-01
1.244015172123908997e-01
1.779184937477111816e-01
9.130608290433883667e-02
-2.323620021343231201e-01
-8.554959297180175781e-02
-1.625396311283111572e-01
8.089900761842727661e-02
1.505390089005231857e-02
6.013145670294761658e-02
-1.595354080200195312e-01
-7.458844035863876343e-02
7.418704032897949219e-02
-6.832869350910186768e-02
4.306436330080032349e-02
-2.419180423021316528e-01
1.493055820465087891e-01
7.225704938173294067e-02
-3.428047522902488708e-02
-4.232408106327056885e-01
-6.851641535758972168e-01
2.537547647953033447e-01
6.610058993101119995e-02
2.131025046110153198e-01
-3.590561449527740479e-02
-2.623184323310852051e-01
1.585173010826110840e-01
-7.833033055067062378e-02
4.592623934149742126e-02
-1.321998387575149536e-01
-1.551821082830429077e-01
-3.479041159152984619e-02
3.830759972333908081e-02
1.091344282031059265e-01
-1.081020012497901917e-01
-1.668365746736526489e-01
1.316389441490173340e-01
1.847480535507202148e-01
1.314656436443328857e-01
8.573363721370697021e-02
1.524783074855804443e-01
9.489326179027557373e-02
-1.652067601680755615e-01
7.052266597747802734e-02
1.580591946840286255e-01
-2.252003103494644165e-01
8.150193095207214355e-02
6.976440548896789551e-02
1.996249854564666748e-01
1.617630422115325928e-01
7.124560326337814331e-02
-9.732183068990707397e-02
-1.204878240823745728e-01
-1.643785089254379272e-02
8.679717034101486206e-02
1.755637675523757935e-01
-1.381687074899673462e-01
-6.075722351670265198e-02
-1.330032944679260254e-01
4.593789204955101013e-02
1.278687715530395508e-01
-1.534695327281951904e-01
7.632180303335189819e-02
8.008728176355361938e-02
-3.205832242965698242e-01
-1.833624690771102905e-01
-5.064062476158142090e-01
-4.908284842967987061e-01
-1.879012212157249451e-03
-1.774496585130691528e-02
1.107146069407463074e-01
-2.704562842845916748e-01
8.463357388973236084e-02
-9.498350322246551514e-02
-4.510515928268432617e-02
4.666220769286155701e-02
-3.070508539676666260e-01
-1.994465738534927368e-01
-6.843278557062149048e-02
-2.146830782294273376e-03
-4.674345999956130981e-02
4.726589918136596680e-01
1.846013665199279785e-01
1.602217555046081543e-01
-7.166112214326858521e-02
-6.078136339783668518e-02
1.823089644312858582e-02
1.270399689674377441e-01
1.614902764558792114e-01
2.090429961681365967e-01
2.865524291992187500e-01
2.094296067953109741e-01
2.520582079887390137e-01
-1.314842402935028076e-01
-6.642884761095046997e-02
6.725385785102844238e-02
-2.944789230823516846e-01
4.957839474081993103e-02
-6.204008311033248901e-02
3.913587424904108047e-03
-3.727414831519126892e-02
-6.229119300842285156e-01
-4.316959679126739502e-01
-2.330228239297866821e-01
-6.546218693256378174e-02
3.455605357885360718e-03
-3.713371157646179199e-01
7.453866302967071533e-02
-3.438567742705345154e-02
-1.214235946536064148e-01
2.133988216519355774e-02
-3.847429901361465454e-02
5.480071157217025757e-02
6.514765322208404541e-02
-9.167611598968505859e-02
-1.700165867805480957e-01
3.373657464981079102e-01
2.048015743494033813e-01
3.049979805946350098e-01
1.619045883417129517e-01
3.564677666872739792e-03
1.166282147169113159e-01
2.280589938163757324e-01
4.103906452655792236e-01
2.033610790967941284e-01
6.352322548627853394e-02
1.003888696432113647e-01
3.527034819126129150e-01
1.769323348999023438e-01
2.907260507345199585e-02
-8.946808427572250366e-02
-4.785465598106384277e-01
-1.631059944629669189e-01
-1.308551430702209473e-01
-1.190834939479827881e-01
3.210054337978363037e-02
-1.424995303153991699e+00
-1.168525457382202148e+00
-5.828653573989868164e-01
-2.802055776119232178e-01
2.302554547786712646e-01
-1.957727372646331787e-01
-6.498808860778808594e-01
-6.145654916763305664e-01
-1.755411773920059204e-01
5.504257045686244965e-03
-2.461323887109756470e-01
-4.293610155582427979e-01
-6.822111457586288452e-02
4.522650316357612610e-02
5.951714143157005310e-02
-3.352465331554412842e-01
-3.958395719528198242e-01
-1.429716777056455612e-02
-6.012327969074249268e-03
5.342636629939079285e-02
-2.497619241476058960e-01
7.604989409446716309e-02
1.526866555213928223e-01
-7.295839954167604446e-03
-4.384149238467216492e-02
1.644149869680404663e-01
3.040419518947601318e-01
1.666464209556579590e-01
1.155375540256500244e-01
2.336491271853446960e-02
-9.232640266418457031e-01
-3.898915946483612061e-01
1.043767929077148438e-01
1.839508116245269775e-01
7.961877435445785522e-02
-5.841482058167457581e-02
1.150503531098365784e-01
1.654910482466220856e-02
-2.654624916613101959e-02
-1.010085940361022949e-01
-3.043469414114952087e-02
1.342568099498748779e-01
-7.377046626061201096e-03
-1.419300679117441177e-02
4.496368113905191422e-03
6.726607680320739746e-02
5.872932821512222290e-02
2.738406136631965637e-02
7.127131521701812744e-02
6.772670894861221313e-02
8.450489491224288940e-02
-3.100723028182983398e-02
3.457841649651527405e-02
4.723744001239538193e-03
1.066189259290695190e-01
-7.351233065128326416e-02
2.895637154579162598e-01
-1.390840262174606323e-01
3.860979527235031128e-02
-5.412517581135034561e-03
9.092514216899871826e-02
1.498113870620727539e-01
1.532596163451671600e-02
1.017192453145980835e-01
2.914629317820072174e-02
1.759280711412429810e-01
-2.252590638818219304e-04
5.994736030697822571e-02
8.077403903007507324e-02
6.369838863611221313e-02
-1.287850886583328247e-01
-1.570126116275787354e-01
9.157110750675201416e-02
-1.391486730426549911e-02
2.337067620828747749e-03
-4.201412796974182129e-01
-3.463346362113952637e-01
-1.987949460744857788e-01
-2.803512513637542725e-01
-2.162715941667556763e-01
2.208970040082931519e-01
2.042910903692245483e-01
-4.200197011232376099e-02
-2.785367965698242188e-01
-1.965963840484619141e-02
-5.237745866179466248e-02
-1.233322620391845703e-01
-3.339913189411163330e-01
-1.460564583539962769e-01
-5.562571436166763306e-02
1.558292657136917114e-01
2.570756711065769196e-02
3.101786226034164429e-02
-1.008809655904769897e-01
5.057336017489433289e-02
1.562204062938690186e-01
6.028755381703376770e-02
3.332386910915374756e-02
-5.321420729160308838e-02
1.699726842343807220e-02
-1.509647518396377563e-01
-1.100175082683563232e-01
-1.822253018617630005e-01
-2.221135646104812622e-01
-4.040076136589050293e-01
-2.103370241820812225e-02
-1.468611955642700195e-01
6.076126918196678162e-02
3.073729574680328369e-01
5.434858202934265137e-01
4.936362430453300476e-02
1.850550808012485504e-02
-4.269791394472122192e-02
-2.375780418515205383e-02
3.085618019104003906e-01
7.763040065765380859e-02
-2.161754295229911804e-02
6.762140244245529175e-02
2.491601258516311646e-01
3.334144055843353271e-01
8.250985294580459595e-02
-1.252415031194686890e-01
1.687397249042987823e-02
3.648662194609642029e-02
4.446329548954963684e-02
1.681686192750930786e-01
-7.429239898920059204e-02
-1.031260639429092407e-01
-1.223531886935234070e-01
1.072999909520149231e-01
2.201243489980697632e-01
1.261742264032363892e-01
5.666868388652801514e-02
-3.468788787722587585e-02
-2.860973961651325226e-02
1.911815069615840912e-02
-2.601634562015533447e-01
-2.751840651035308838e-01
-2.024607062339782715e-01
-1.588843911886215210e-01
-4.072617739439010620e-02
-2.063889652490615845e-01
1.292117834091186523e-01
-8.595138788223266602e-02
-1.610867530107498169e-01
-3.195484280586242676e-01
-5.421204566955566406e-01
-5.097866654396057129e-01
-8.245483636856079102e-01
-1.857616901397705078e-01
-3.331100940704345703e-01
-6.063185930252075195e-01
-4.508801102638244629e-01
-1.179928928613662720e-01
2.819865047931671143e-01
1.747354716062545776e-01
1.223705708980560303e-01
2.351458072662353516e-01
4.183539003133773804e-02
1.002481877803802490e-01
-3.022824181243777275e-03
-6.333034485578536987e-02
6.383971869945526123e-02
-7.075474411249160767e-02
-1.059605106711387634e-01
-8.133634179830551147e-02
1.767161488533020020e-01
2.243500500917434692e-01
2.571681439876556396e-01
-8.344974368810653687e-02
1.070066466927528381e-01
1.599946767091751099e-01
2.083732932806015015e-01
-1.022450849413871765e-01
-2.408110648393630981e-01
6.751358509063720703e-02
2.745881080627441406e-01
5.684816837310791016e-02
-2.213925868272781372e-01
-1.869242452085018158e-02
5.595866963267326355e-02
4.190170764923095703e-02
-1.873267590999603271e-01
-1.641853749752044678e-01
7.435698062181472778e-02
-8.258836716413497925e-02
-1.475262492895126343e-01
-2.958778738975524902e-01
-1.806261688470840454e-01
-1.079695299267768860e-01
-6.220511347055435181e-02
-2.886707149446010590e-02
-5.753403902053833008e-02
-1.441186964511871338e-01
-6.200850009918212891e-03
-1.140544191002845764e-02
3.358146920800209045e-02
7.948272675275802612e-02
5.108220875263214111e-02
-2.180200070142745972e-02
1.789551824331283569e-01
1.787405312061309814e-01
1.611546128988265991e-01
7.975594699382781982e-02
1.276718676090240479e-01
6.314112991094589233e-02
-5.271842703223228455e-02
1.284115910530090332e-01
2.155052870512008667e-01
1.698374897241592407e-01
9.983958303928375244e-02
1.272552311420440674e-01
2.174862921237945557e-01
-6.471455097198486328e-02
6.487163156270980835e-02
4.537486657500267029e-02
-1.116711646318435669e-01
4.006672184914350510e-03
1.175675448030233383e-02
1.034931987524032593e-01
-6.457721441984176636e-02
-1.256150752305984497e-01
5.238505825400352478e-02
1.372266560792922974e-01
1.092167757451534271e-02
-1.599484682083129883e-01
-6.434085220098495483e-02
7.004395127296447754e-02
-7.233180105686187744e-02
7.988016121089458466e-03
7.796720415353775024e-02
5.078006982803344727e-01
4.685693979263305664e-01
1.436066925525665283e-01
3.985362127423286438e-02
-8.506362885236740112e-02
-8.127297461032867432e-02
1.861303001642227173e-01
1.508152931928634644e-01
-4.751523956656455994e-02
8.088931441307067871e-02
-1.330662071704864502e-01
2.574219405651092529e-01
-1.889574341475963593e-03
-6.961938738822937012e-02
6.565545499324798584e-02
-5.963218212127685547e-02
1.960864216089248657e-01
3.007826954126358032e-02
7.918955385684967041e-02
7.972536236047744751e-02
-4.692383408546447754e-01
-3.813263177871704102e-01
-1.997776776552200317e-01
3.495236486196517944e-02
2.061883173882961273e-02
5.312810465693473816e-02
1.680985987186431885e-01
4.905381053686141968e-02
-1.208361312747001648e-01
-6.460117548704147339e-02
2.603129483759403229e-03
7.773984223604202271e-02
1.274535506963729858e-01
-5.349737405776977539e-02
4.292515665292739868e-02
7.627234607934951782e-02
1.027347818017005920e-01
-4.065788537263870239e-02
-1.364532411098480225e-01
4.435887932777404785e-02
-2.086905390024185181e-02
-5.384685471653938293e-02
-1.860831119120121002e-02
-7.699508219957351685e-02
-3.100566379725933075e-02
-6.798082962632179260e-03
6.550171971321105957e-02
9.369029849767684937e-02
6.348180770874023438e-02
9.049484878778457642e-02
1.447260230779647827e-01
8.432796597480773926e-02
-1.103892996907234192e-01
7.851938717067241669e-03
-7.775557786226272583e-02
-2.471577078104019165e-01
4.294437542557716370e-02
7.766637951135635376e-02
-5.589044839143753052e-02
-2.006021142005920410e-01
-5.255007743835449219e-01
-1.131422072649002075e-01
2.305326610803604126e-02
-3.352027013897895813e-02
-3.837422728538513184e-01
-3.904681503772735596e-01
-5.888726711273193359e-01
-2.862745523452758789e-01
1.144389715045690536e-02
1.233013272285461426e-01
4.026463627815246582e-01
-9.444186836481094360e-02
-2.615646421909332275e-01
-9.008101373910903931e-02
5.983293056488037109e-02
1.303898990154266357e-01
8.751626312732696533e-02
-1.152355372905731201e-01
-8.417637646198272705e-02
-2.818943746387958527e-02
2.066909708082675934e-02
2.951054833829402924e-02
-7.860683836042881012e-03
4.412785544991493225e-02
1.718620210886001587e-02
-2.133329585194587708e-02
-8.794660866260528564e-02
-4.561705142259597778e-02
3.135842457413673401e-02
3.426530212163925171e-02
5.856867879629135132e-02
-1.511012762784957886e-01
-2.387111453572288156e-04
8.415191434323787689e-03
2.744028903543949127e-02
-3.981000185012817383e-02
-4.435479268431663513e-02
2.442744746804237366e-02
1.261386722326278687e-01
3.434641286730766296e-02
1.209887489676475525e-01
3.730790913105010986e-01
4.074329733848571777e-01
2.668881975114345551e-02
-1.968951709568500519e-02
9.726745635271072388e-02
9.448263049125671387e-02
8.910584147088229656e-04
-1.183792054653167725e-01
-9.416243433952331543e-02
8.888518810272216797e-02
3.806254267692565918e-02
-7.393805682659149170e-02
-2.118466608226299286e-02
9.415552765130996704e-02
5.806603282690048218e-02
-3.257776200771331787e-01
-3.932639360427856445e-01
-1.712720096111297607e-01
1.159068662673234940e-02
-2.568854987621307373e-01
-1.205219030380249023e+00
-1.110382199287414551e+00
-3.258603215217590332e-01
-6.879321485757827759e-02
3.013752996921539307e-01
2.573106288909912109e-01
1.084399037063121796e-02
-2.018090337514877319e-01
1.649970561265945435e-01
1.893936693668365479e-01
1.671476960182189941e-01
-1.016542017459869385e-01
-6.474437564611434937e-02
1.994975097477436066e-02
2.600421011447906494e-01
-1.189127638936042786e-01
-5.261475965380668640e-02
4.425676167011260986e-02
-1.278907358646392822e-01
8.935683965682983398e-02
1.529672183096408844e-02
2.263248711824417114e-01
4.048790410161018372e-02
-2.678252458572387695e-01
-4.105091989040374756e-01
-4.925944209098815918e-01
-4.643444120883941650e-01
-3.085914254188537598e-01
2.618602216243743896e-01
1.496457010507583618e-01
-1.075759232044219971e-01
1.738120913505554199e-01
1.532685607671737671e-01
5.279377475380897522e-02
7.742930203676223755e-02
3.958301618695259094e-02
1.207647025585174561e-01
3.796058520674705505e-02
6.220223754644393921e-02
1.646630913019180298e-01
2.097156345844268799e-01
-3.846117854118347168e-01
2.686142548918724060e-02
-5.655079334974288940e-02
1.729831397533416748e-01
2.995074987411499023e-01
-4.800693988800048828e-01
7.275830954313278198e-02
-3.589626848697662354e-01
-1.729741245508193970e-01
1.968777179718017578e-01
-3.323813974857330322e-01
-8.660846203565597534e-02
2.458464913070201874e-02
-4.428199827671051025e-01
-2.502487003803253174e-01
1.142035350203514099e-01
1.212909147143363953e-01
-1.055888310074806213e-01
4.111299291253089905e-02
1.157849133014678955e-01
1.389092803001403809e-01
6.976024806499481201e-02
-1.739326566457748413e-01
2.764295227825641632e-02
1.211438998579978943e-01
6.648924946784973145e-02
-2.020465396344661713e-02
-1.452780961990356445e-01
-5.407709255814552307e-02
1.116324141621589661e-01
-2.658314816653728485e-02
-1.667940616607666016e-02
-1.631952226161956787e-01
-1.364490687847137451e-01
-3.646900504827499390e-02
-4.129437357187271118e-02
6.077018007636070251e-02
2.046464532613754272e-01
1.984264934435486794e-03
8.862718939781188965e-02
4.120301008224487305e-01
-3.690157085657119751e-02
1.263411901891231537e-02
-1.075877249240875244e-01
-3.816955685615539551e-01
-1.433996856212615967e-01
-7.263513654470443726e-02
-5.437551531940698624e-03
3.091739676892757416e-02
3.346308693289756775e-02
1.156007349491119385e-01
1.061389818787574768e-01
-5.729154869914054871e-02
2.119248211383819580e-01
-6.132808513939380646e-03
5.220002308487892151e-02
7.884614914655685425e-02
-1.306670606136322021e-01
1.483557373285293579e-01
-1.311549823731184006e-02
-1.712461113929748535e-01
-4.445906355977058411e-02
-7.400479912757873535e-02
-6.482464671134948730e-01
-4.397684633731842041e-01
2.120312005281448364e-01
1.601495891809463501e-01
9.785368293523788452e-02
-2.784724533557891846e-01
4.265177994966506958e-02
-7.753286510705947876e-02
-1.320426166057586670e-01
2.874151170253753662e-01
-2.498619258403778076e-01
-1.057283729314804077e-01
-7.667139638215303421e-03
-1.339280307292938232e-01
2.628029882907867432e-01
1.161209493875503540e-01
-8.389244228601455688e-02
8.409667015075683594e-02
-4.583004862070083618e-02
1.411326080560684204e-01
7.067842781543731689e-02
-2.037740945816040039e-01
6.618688255548477173e-02
-9.756064414978027344e-02
-3.375678956508636475e-01
3.325497508049011230e-01
5.387682914733886719e-01
-1.257039904594421387e-01
-2.692219316959381104e-01
-3.753537833690643311e-01
-1.992298364639282227e-01
7.012065500020980835e-02
-1.120333746075630188e-01
-8.250103890895843506e-02
-2.479906678199768066e-01
5.384656786918640137e-02
1.027658507227897644e-01
-6.361977756023406982e-02
1.575111001729965210e-01
-3.717222437262535095e-02
-6.898034363985061646e-02
1.702694594860076904e-02
-2.736547216773033142e-02
7.614629715681076050e-02
-2.844499647617340088e-01
-3.900631964206695557e-01
3.620856404304504395e-01
1.786847598850727081e-02
-5.738809704780578613e-02
4.313079416751861572e-01
-1.849562078714370728e-01
-3.319885432720184326e-01
2.286682724952697754e-01
5.473367571830749512e-01
-2.926582470536231995e-02
-1.681701093912124634e-01
-1.092833355069160461e-01
3.044155538082122803e-01
-4.679423198103904724e-02
-6.858991831541061401e-02
-1.846843049861490726e-03
-1.553922146558761597e-01
-4.778419062495231628e-02
-5.565489083528518677e-02
-9.267429262399673462e-02
-2.725725062191486359e-02
1.096474006772041321e-02
-2.307653576135635376e-01
-7.103206962347030640e-02
-2.693358659744262695e-01
-1.339618861675262451e-02
1.935247480869293213e-01
-1.303822547197341919e-01
-5.133293569087982178e-02
-1.381649672985076904e-01
-2.515107989311218262e-01
-9.273566305637359619e-02
1.021493449807167053e-01
1.887586861848831177e-01
-7.437466084957122803e-02
2.116684466600418091e-01
1.338079869747161865e-01
2.162781916558742523e-02
-8.815269917249679565e-02
-4.388407468795776367e-01
4.978197813034057617e-02
2.874498069286346436e-02
-7.877821335569024086e-04
-7.817985862493515015e-02
1.146828159689903259e-01
8.606681227684020996e-02
6.155224889516830444e-02
-1.992840319871902466e-02
-8.093753457069396973e-02
1.603918150067329407e-02
2.531758248805999756e-01
-1.730051189661026001e-01
-1.364162415266036987e-01
-2.549577355384826660e-01
-7.358425259590148926e-01
-2.343346923589706421e-01
-1.818757653236389160e-01
-4.519995301961898804e-02
7.514901459217071533e-02
5.760634317994117737e-03
-1.939049549400806427e-02
1.817425154149532318e-02
9.382347762584686279e-02
-6.600928306579589844e-02
-3.043799102306365967e-01
-5.692460015416145325e-02
1.278293430805206299e-01
9.326898306608200073e-02
-2.841386198997497559e-02
-6.934882998466491699e-01
-1.831952333450317383e-01
-4.154844954609870911e-02
4.791763797402381897e-02
-3.209353657439351082e-03
-1.047330617904663086e+00
-4.865569472312927246e-01
-1.756106466054916382e-01
4.422023426741361618e-03
2.722233831882476807e-01
9.764080494642257690e-02
-4.559141397476196289e-01
-1.053691133856773376e-01
2.193317562341690063e-01
1.087603792548179626e-01
1.431381404399871826e-01
-3.427973985671997070e-01
1.525445431470870972e-01
5.243612080812454224e-02
-5.361025221645832062e-03
-1.489585340023040771e-01
-5.325868725776672363e-01
1.274555772542953491e-01
2.248801477253437042e-02
-5.936875939369201660e-02
-2.929896712303161621e-01
-4.562726020812988281e-01
-1.472767163068056107e-02
5.931962653994560242e-02
-1.200680211186408997e-01
-1.750542968511581421e-01
-1.677270829677581787e-01
-9.138950146734714508e-03
2.569108009338378906e-01
-1.259390413761138916e-01
-1.464691162109375000e-01
1.842490136623382568e-01
3.547348082065582275e-01
3.636182844638824463e-01
4.368965327739715576e-01
9.321592003107070923e-02
1.114113926887512207e-01
-4.190367832779884338e-02
9.647652506828308105e-03
-6.687802076339721680e-02
-1.882274448871612549e-01
2.995025599375367165e-03
5.246210470795631409e-02
-2.757786028087139130e-02
-3.619516640901565552e-02
-3.539803922176361084e-01
-8.075863867998123169e-02
-4.020373895764350891e-02
-7.070054858922958374e-02
-1.067579835653305054e-01
3.489133715629577637e-02
5.228824913501739502e-02
2.084916457533836365e-02
-6.798683851957321167e-02
-1.637811213731765747e-02
1.984694451093673706e-01
1.583955436944961548e-01
3.242221176624298096e-01
2.993596196174621582e-01
1.507371217012405396e-01
-7.035019993782043457e-02
-3.364504501223564148e-02
-1.378539018332958221e-04
-7.077928632497787476e-02
-1.758646219968795776e-02
6.014573574066162109e-02
1.314646936953067780e-02
-5.012276768684387207e-02
-1.163841318339109421e-02
-7.651548087596893311e-02
6.066651269793510437e-02
2.235003560781478882e-02
-2.992685325443744659e-02
-5.317400023341178894e-02
3.174393996596336365e-02
1.061457619071006775e-01
2.080956995487213135e-01
-5.781838670372962952e-02
-1.129637137055397034e-01
-9.746022522449493408e-02
3.729021549224853516e-02
-9.958139806985855103e-02
-1.100618168711662292e-01
-1.213621869683265686e-01
1.817511469125747681e-01
-1.203311458230018616e-01
-1.468270421028137207e-01
-7.133808103390038013e-04
-5.152223259210586548e-02
7.891965657472610474e-02
5.852434411644935608e-02
8.280849084258079529e-03
8.242060989141464233e-02
1.121041178703308105e-01
1.159193515777587891e-01
-1.611428260803222656e-01
-6.133047491312026978e-02
7.547750324010848999e-02
7.225542329251766205e-03
2.017928957939147949e-01
-1.249115020036697388e-01
-9.625244885683059692e-03
1.244691535830497742e-01
2.264470010995864868e-01
2.235522419214248657e-01
2.479982078075408936e-01
3.547567427158355713e-01
1.433898359537124634e-01
-2.082912474870681763e-01
-3.458826337009668350e-03
4.074341356754302979e-01
2.591511011123657227e-01
1.424077600240707397e-01
-1.207704022526741028e-01
-6.587930023670196533e-02
-2.377295680344104767e-02
4.641123116016387939e-02
3.326926007866859436e-02
2.851435914635658264e-02
-3.245663046836853027e-01
2.993274629116058350e-01
1.081353649497032166e-01
3.643552958965301514e-01
3.479900658130645752e-01
2.794457413256168365e-02
1.049931049346923828e-01
5.218541994690895081e-02
4.178174436092376709e-01
1.995005309581756592e-01
-1.358466595411300659e-01
-1.199025958776473999e-01
-9.526640176773071289e-03
4.474084079265594482e-02
1.497191488742828369e-01
1.836043596267700195e-02
-1.146826371550559998e-01
-5.873718182556331158e-04
5.370161961764097214e-03
1.077529564499855042e-01
-2.634841017425060272e-02
3.792521655559539795e-01
1.821793168783187866e-01
4.237578809261322021e-02
1.298879534006118774e-01
2.215785980224609375e-01
1.862828619778156281e-02
-1.239144876599311829e-01
-1.424975991249084473e-01
-1.466400623321533203e-01
1.406545341014862061e-01
-3.007028102874755859e-01
-1.268420219421386719e-01
-1.882041394710540771e-01
-1.973544657230377197e-01
-2.006374597549438477e-01
-4.327601566910743713e-02
5.027097463607788086e-01
-2.402698388323187828e-03
-8.082288503646850586e-02
2.018734365701675415e-01
-2.096226066350936890e-02
1.595652699470520020e-01
-3.005394637584686279e-01
-2.983742952346801758e-01
-2.371136546134948730e-01
5.251265168190002441e-01
4.973761737346649170e-01
2.639090418815612793e-01
2.250221669673919678e-01
1.776838302612304688e-01
-7.918583601713180542e-02
-5.847705155611038208e-02
-7.228953763842582703e-03
-4.784496873617172241e-02
1.600028723478317261e-01
-2.010649442672729492e-01
-1.806491017341613770e-01
3.140185435768216848e-05
5.836075171828269958e-03
9.079386293888092041e-02
-2.891637980937957764e-01
-9.503608196973800659e-02
1.435708403587341309e-01
-2.803900279104709625e-02
-5.795436352491378784e-02
-2.188698351383209229e-01
-1.341338455677032471e-01
1.861389577388763428e-01
2.309226840734481812e-01
-1.058641150593757629e-01
-5.053542554378509521e-03
-6.096819043159484863e-02
5.668470636010169983e-02
1.178915575146675110e-01
-7.484710216522216797e-02
-1.002886220812797546e-01
-2.403890788555145264e-01
-6.949802488088607788e-02
1.351259052753448486e-01
-2.425852231681346893e-02
-2.731795310974121094e-01
-1.738551408052444458e-01
1.916663199663162231e-01
4.291731715202331543e-01
3.010966181755065918e-01
-1.417368501424789429e-01
-1.765159666538238525e-01
-1.854137778282165527e-01
-1.895921975374221802e-01
-4.156712815165519714e-02
4.325981717556715012e-04
-6.517951190471649170e-02
2.771373093128204346e-02
9.441953897476196289e-02
3.391985967755317688e-02
3.426124155521392822e-02
7.101803272962570190e-02
-5.150892212986946106e-02
6.651603430509567261e-02
2.819742821156978607e-02
-1.851900666952133179e-02
1.448879688978195190e-01
-5.485327448695898056e-03
9.958388656377792358e-02
-9.333570301532745361e-02
-2.272532731294631958e-01
2.271411195397377014e-02
1.100517734885215759e-01
1.048264428973197937e-01
-9.253613650798797607e-02
-2.411743067204952240e-02
-5.721000209450721741e-02
-2.056248784065246582e-01
-5.189504101872444153e-02
1.177688017487525940e-01
1.855648867785930634e-02
1.124645918607711792e-01
3.818184882402420044e-02
-4.155125841498374939e-02
2.761945426464080811e-01
-3.051323592662811279e-01
-4.433895349502563477e-01
-2.814877927303314209e-01
-4.359011352062225342e-01
-3.313410580158233643e-01
-1.330803185701370239e-01
-2.759658694267272949e-01
-1.906112208962440491e-02
-7.555092871189117432e-02
-1.119840741157531738e-01
-1.938505917787551880e-01
-4.686505496501922607e-01
-1.635654419660568237e-01
-9.912366047501564026e-03
8.577214926481246948e-02
3.557452857494354248e-01
-3.510876744985580444e-02
-1.739288121461868286e-01
-2.201183587312698364e-01
-1.374035179615020752e-01
2.479006070643663406e-03
-3.241655528545379639e-01
-3.297393918037414551e-01
-1.155137047171592712e-01
5.258199945092201233e-02
-5.180773884057998657e-02
-1.996352225542068481e-01
-9.951168671250343323e-03
-3.468827158212661743e-02
1.042724251747131348e-01
3.058543503284454346e-01
3.530397638678550720e-02
2.494231164455413818e-01
6.970141828060150146e-02
1.570761501789093018e-01
4.170022904872894287e-01
6.025305017828941345e-02
3.077369034290313721e-01
1.961541920900344849e-01
8.302306383848190308e-02
2.491314113140106201e-01
6.249102950096130371e-02
8.806765079498291016e-02
4.451592639088630676e-02
-2.795710042119026184e-02
-8.093488961458206177e-02
-3.045030310750007629e-02
1.704173088073730469e-01
9.925650060176849365e-02
9.565702080726623535e-02
-3.942191973328590393e-02
-9.347132593393325806e-02
9.720442816615104675e-03
7.292463630437850952e-02
1.157102435827255249e-01
7.801856100559234619e-02
-2.454842207953333855e-03
-3.794026747345924377e-02
-2.463897131383419037e-02
1.873270049691200256e-02
-4.270760715007781982e-02
1.821317709982395172e-02
-1.878752000629901886e-02
1.088492423295974731e-01
1.401969343423843384e-01
3.661349117755889893e-01
1.804107278585433960e-01
6.400418281555175781e-02
9.112384170293807983e-02
-2.540459111332893372e-02
4.209217056632041931e-02
-1.961063295602798462e-01
-3.583502769470214844e-01
-1.102432832121849060e-01
-7.796999812126159668e-02
-1.550904810428619385e-01
-6.774592995643615723e-01
-7.255643606185913086e-01
-1.034382730722427368e-01
4.260668903589248657e-02
1.231622248888015747e-01
-2.647311985492706299e-01
-3.134042620658874512e-01
-2.181896865367889404e-01
-2.701363898813724518e-02
3.136278688907623291e-01
9.351363778114318848e-02
-2.394591271877288818e-01
-2.706408202648162842e-01
-1.550146285444498062e-02
1.069338619709014893e-01
-2.679582834243774414e-01
-4.404160380363464355e-01
-4.517754316329956055e-01
-2.082264572381973267e-01
1.763227581977844238e-01
-2.651395648717880249e-02
-5.347282066941261292e-02
8.130497485399246216e-02
1.779267936944961548e-01
1.071034148335456848e-01
-1.946340352296829224e-01
-2.107214778661727905e-01
-1.181273609399795532e-01
9.987574070692062378e-02
1.756653487682342529e-01
-1.636501401662826538e-02
5.518778786063194275e-02
5.204217508435249329e-02
1.574447005987167358e-02
3.156614005565643311e-01
9.287600219249725342e-02
3.139303326606750488e-01
1.124402508139610291e-01
9.759076684713363647e-02
-2.349034249782562256e-01
1.206658547744154930e-03
1.188809946179389954e-01
1.388279199600219727e-01
3.692648932337760925e-02
-2.275375872850418091e-01
-3.602206707000732422e-01
-2.313129007816314697e-01
-2.673603892326354980e-01
-1.453212946653366089e-01
-4.033432006835937500e-01
-9.461646676063537598e-01
-5.401753783226013184e-01
-2.635454535484313965e-01
-2.550720237195491791e-02
-2.495734244585037231e-01
-5.959682464599609375e-01
-1.138151526451110840e+00
-1.424631923437118530e-01
-3.350716317072510719e-03
-2.121579274535179138e-02
-1.975282654166221619e-02
-4.404989182949066162e-01
-3.233649954199790955e-02
-3.703487664461135864e-02
2.575526759028434753e-02
2.496615983545780182e-02
3.599132224917411804e-02
5.289662629365921021e-02
-1.198581419885158539e-02
8.324667066335678101e-02
8.802244812250137329e-02
1.547030806541442871e-01
9.888190031051635742e-02
6.970090419054031372e-02
-3.260097652673721313e-02
7.085069268941879272e-02
3.032832033932209015e-02
-9.897769987583160400e-02
-3.902747482061386108e-02
-1.253754645586013794e-01
-2.110715955495834351e-03
-5.691295489668846130e-02
-8.243027329444885254e-02
-3.668899089097976685e-02
-1.319158077239990234e-01
-3.236602991819381714e-02
3.040453186258673668e-03
-9.091964364051818848e-02
-1.512052025645971298e-02
-3.967873454093933105e-01
-2.610857225954532623e-02
-6.164286732673645020e-01
-5.616282224655151367e-01
2.356894463300704956e-01
1.119956970214843750e-01
1.339957416057586670e-01
1.184095144271850586e-01
-9.970763325691223145e-02
5.293288454413414001e-02
1.695461869239807129e-01
-2.002968192100524902e-01
7.054199278354644775e-02
-1.375167071819305420e-01
1.348091755062341690e-02
-8.306293189525604248e-02
-1.099919527769088745e-01
8.946093171834945679e-02
-1.949444860219955444e-01
6.285503506660461426e-03
-3.373185098171234131e-01
8.931718021631240845e-02
-9.876677393913269043e-02
-8.123476803302764893e-02
1.783969849348068237e-01
-1.786060482263565063e-01
-3.226516842842102051e-01
-1.662149578332901001e-01
2.802658081054687500e-01
1.354535669088363647e-01
1.284186691045761108e-01
1.446962952613830566e-01
8.295650780200958252e-02
-2.154242433607578278e-02
-1.189338937401771545e-01
-1.716693788766860962e-01
-1.343270530924201012e-03
4.040678963065147400e-02
-5.287391692399978638e-02
1.676207967102527618e-02
-4.473424330353736877e-02
1.811959221959114075e-02
-2.354642376303672791e-02
-1.137573122978210449e-01
2.276141196489334106e-02
1.036005988717079163e-01
8.059058338403701782e-02
-4.469113051891326904e-02
-4.768164083361625671e-02
-1.257110387086868286e-02
3.111875057220458984e-01
2.508972585201263428e-01
-4.320634305477142334e-01
-7.959902286529541016e-01
7.074589282274246216e-02
1.603915095329284668e-01
3.936015814542770386e-02
-2.482884526252746582e-01
-9.200569987297058105e-01
-6.436669826507568359e-02
1.445299685001373291e-01
5.290793254971504211e-02
-3.040465116500854492e-01
-5.494768619537353516e-01
-1.038641780614852905e-01
3.401973247528076172e-01
2.304337471723556519e-01
-2.025562971830368042e-01
-3.758611381053924561e-01
-2.605623602867126465e-01
5.225999951362609863e-01
5.658772587776184082e-01
-1.287220716476440430e-01
-3.054452836513519287e-01
-2.904243469238281250e-01
-2.788356244564056396e-01
-7.617179304361343384e-02
3.261979222297668457e-01
6.220698356628417969e-01
3.789080381393432617e-01
-2.581108510494232178e-01
-2.427900582551956177e-01
-5.714406073093414307e-02
5.173313617706298828e-02
-7.957811653614044189e-02
-2.077367603778839111e-01
-4.165072441101074219e-01
-1.331058293581008911e-01
8.594083786010742188e-02
8.959671854972839355e-02
1.111168116331100464e-01
-1.221604049205780029e-01
-2.038057893514633179e-02
-3.910851478576660156e-02
-9.343244135379791260e-02
2.093592584133148193e-01
9.191089123487472534e-02
4.022790864109992981e-02
-4.120555147528648376e-02
-6.314352154731750488e-02
-1.054273569025099277e-03
3.680668473243713379e-01
3.939956426620483398e-01
-8.346574008464813232e-02
-3.058862090110778809e-01
-1.805533170700073242e-01
-7.887607067823410034e-02
-2.497127279639244080e-02
-1.243216022849082947e-01
-1.896495930850505829e-02
-6.480626761913299561e-02
-3.840701282024383545e-02
-1.924044825136661530e-02
-1.175110563635826111e-01
3.755641635507345200e-03
-4.698887094855308533e-02
-6.230305507779121399e-02
-2.105050906538963318e-02
4.043779894709587097e-02
8.806700259447097778e-02
-1.349405050277709961e-01
2.135639265179634094e-02
1.590082347393035889e-01
-3.041743300855159760e-02
-5.145421251654624939e-02
3.178562521934509277e-01
-9.294474124908447266e-02
-3.512235283851623535e-01
-2.556266784667968750e-01
-1.098621711134910583e-01
1.012356802821159363e-01
1.590473055839538574e-01
-5.549815669655799866e-02
-3.714803457260131836e-01
-4.011217057704925537e-01
3.204160928726196289e-01
2.771869599819183350e-01
-1.599172055721282959e-01
2.615073509514331818e-02
1.091453712433576584e-02
8.283033221960067749e-02
1.202955394983291626e-01
-2.054570764303207397e-01
6.847354024648666382e-02
-1.700447127223014832e-02
-9.010951966047286987e-02
2.153125703334808350e-01
-4.932922869920730591e-02
-1.813622191548347473e-02
-3.423052132129669189e-01
-1.437889099121093750e+00
-7.604163289070129395e-01
-2.133620977401733398e-01
-1.240498796105384827e-01
-1.407999396324157715e-01
-1.309330463409423828e+00
-3.101991117000579834e-01
1.505181193351745605e-01
4.906914755702018738e-02
-1.718393266201019287e-01
-5.287935733795166016e-01
-7.477661967277526855e-01
2.787219732999801636e-02
7.235233485698699951e-02
-1.018375903367996216e-01
-5.185298323631286621e-01
-8.941606879234313965e-01
-6.601505726575851440e-02
1.225809678435325623e-01
1.877096891403198242e-01
-5.658550262451171875e-01
-6.481934189796447754e-01
-5.666180849075317383e-01
2.077886601909995079e-03
4.614893794059753418e-01
-6.866151690483093262e-01
-1.157180666923522949e+00
-8.894678354263305664e-01
-4.200457334518432617e-01
1.629694998264312744e-01
-5.616405010223388672e-01
-3.467841744422912598e-01
-1.438120603561401367e-01
3.561460226774215698e-02
1.998767256736755371e-01
-1.826506853103637695e-01
8.557187020778656006e-02
1.206080168485641479e-01
3.088137879967689514e-02
5.212658271193504333e-02
-8.262678235769271851e-02
6.677320599555969238e-02
9.519525617361068726e-02
8.832770399749279022e-03
-1.669658161699771881e-02
-5.103715509176254272e-02
3.969806805253028870e-02
8.069336414337158203e-02
-1.774591952562332153e-02
2.534237504005432129e-02
5.670840293169021606e-02
-1.915168166160583496e-01
-5.200333148241043091e-02
1.533562242984771729e-01
7.205419242382049561e-02
-2.351227216422557831e-02
-1.741163283586502075e-01
1.126790791749954224e-01
8.154101669788360596e-02
-7.756254076957702637e-02
9.282876737415790558e-03
-4.645034670829772949e-02
3.017347864806652069e-02
2.538128755986690521e-02
-1.180816143751144409e-01
1.404680013656616211e-01
5.677688494324684143e-02
9.896394796669483185e-03
-1.936171501874923706e-01
4.521458968520164490e-02
1.179320067167282104e-01
5.867089331150054932e-02
-1.277186125516891479e-01
-3.215460777282714844e-01
-8.442428079433739185e-04
-2.259846776723861694e-01
-1.908538341522216797e-01
-1.391565352678298950e-01
9.953993372619152069e-03
8.737663179636001587e-02
-7.726734876632690430e-02
-3.594588488340377808e-02
-3.421295434236526489e-02
4.336476325988769531e-02
6.528660655021667480e-02
-1.328190416097640991e-01
-8.650158345699310303e-02
3.188788890838623047e-02
9.132014214992523193e-02
4.809677600860595703e-02
-4.555761069059371948e-02
-7.490194588899612427e-02
8.651374280452728271e-02
1.213323920965194702e-01
-5.605676677078008652e-03
-7.216408848762512207e-02
-1.488288044929504395e-01
-1.371152848005294800e-01
1.558851301670074463e-01
9.850938618183135986e-02
3.274779021739959717e-01
-4.903218243271112442e-03
-7.066702097654342651e-02
2.139865309000015259e-01
6.696156412363052368e-02
1.473645120859146118e-01
2.807401865720748901e-02
9.461212158203125000e-02
-1.286008954048156738e-02
-9.049179032444953918e-03
1.197564154863357544e-01
1.321032643318176270e-01
1.076512560248374939e-01
1.262081414461135864e-01
-4.024722799658775330e-02
1.687369123101234436e-02
-1.444430090487003326e-02
4.714856296777725220e-02
-2.401501499116420746e-02
-3.193347901105880737e-02
-3.187153935432434082e-01
-5.015646666288375854e-02
6.387566775083541870e-02
9.625551849603652954e-02
1.149234399199485779e-01
3.747375607490539551e-01
3.675814718008041382e-02
-4.542150348424911499e-02
-1.281829029321670532e-01
-1.827187985181808472e-01
2.690980210900306702e-02
1.670136302709579468e-02
2.014622278511524200e-02
1.549427956342697144e-01
3.701971378177404404e-03
3.014134988188743591e-02
8.102347701787948608e-02
1.099386960268020630e-01
8.614136278629302979e-02
1.148752588778734207e-02
8.938089013099670410e-02
9.250175952911376953e-02
2.190220542252063751e-02
-2.881960570812225342e-02
6.036479771137237549e-02
7.934418320655822754e-02
1.195338740944862366e-01
6.849260535091161728e-03
-8.808124810457229614e-02
4.735231772065162659e-02
-7.651747465133666992e-01
-7.978564500808715820e-01
-4.413532614707946777e-01
-2.886236831545829773e-02
1.462423056364059448e-01
-1.106492802500724792e-01
1.808894611895084381e-02
1.486701965332031250e-01
-7.198663800954818726e-02
1.254692822694778442e-01
-4.519135057926177979e-01
-2.614063322544097900e-01
-9.286873042583465576e-02
-2.308437228202819824e-01
-4.130025953054428101e-02
-3.030167818069458008e-01
2.201337814331054688e-01
-2.409388571977615356e-01
-1.737471669912338257e-01
1.541507709771394730e-02
1.108632758259773254e-01
6.437113881111145020e-01
-3.564182296395301819e-02
1.488000154495239258e-01
-8.006624877452850342e-02
-1.168380826711654663e-01
-6.641382724046707153e-02
2.101994818076491356e-03
-6.306944042444229126e-02
-1.474463790655136108e-01
8.234202861785888672e-02
2.723038382828235626e-02
-1.567480564117431641e-01
1.970175467431545258e-02
-9.960228949785232544e-02
1.331657022237777710e-01
7.154071936383843422e-04
-1.147270128130912781e-01
-1.874146610498428345e-02
-1.322153359651565552e-01
1.817174069583415985e-02
1.028920412063598633e-01
1.029621735215187073e-01
-8.500506728887557983e-02
-2.798232436180114746e-01
-2.735611200332641602e-01
4.181966558098793030e-02
3.007349371910095215e-01
1.247597560286521912e-01
-2.009848058223724365e-01
-7.925978302955627441e-01
-2.034671902656555176e-01
-2.084256894886493683e-02
3.837626278400421143e-01
4.368676543235778809e-01
-5.108608007431030273e-01
-1.335460394620895386e-01
-1.684346050024032593e-01
-1.171263977885246277e-01
-3.386554075405001640e-03
2.680684626102447510e-01
2.341712713241577148e-01
-6.927732378244400024e-02
-9.871193021535873413e-02
5.348882079124450684e-02
4.150245785713195801e-01
4.373713433742523193e-01
-9.466254711151123047e-02
-8.670339733362197876e-02
-1.543901395052671432e-02
6.077300310134887695e-01
5.576680898666381836e-01
-4.240951240062713623e-01
1.287054852582514286e-03
-6.605944782495498657e-02
1.855179518461227417e-01
-8.902893960475921631e-02
1.536977440118789673e-01
1.105593144893646240e-01
6.636518239974975586e-02
9.622560441493988037e-02
1.229484602808952332e-01
1.263610869646072388e-01
1.028173714876174927e-01
4.511709790676832199e-03
1.487125754356384277e-01
-6.915423274040222168e-02
2.107683941721916199e-02
-3.287330269813537598e-02
2.435042057186365128e-03
-2.797940745949745178e-03
3.918097540736198425e-02
3.180812299251556396e-02
-2.173356413841247559e-01
3.504922240972518921e-02
-1.199768111109733582e-01
1.225760653614997864e-01
3.132735192775726318e-01
-1.778376102447509766e-01
-2.887560753151774406e-03
-8.828784525394439697e-02
-2.060019820928573608e-01
-3.081482350826263428e-01
-1.992158591747283936e-01
7.471898198127746582e-02
-3.002350777387619019e-02
1.159472316503524780e-01
-2.406203895807266235e-01
-1.226546019315719604e-01
1.227133125066757202e-01
9.168548509478569031e-03
6.091731786727905273e-02
-3.036460578441619873e-01
-3.396284952759742737e-02
9.134277701377868652e-02
-4.201326519250869751e-02
2.316140942275524139e-02
5.541685596108436584e-02
7.245001941919326782e-02
-9.110321849584579468e-02
-1.852609366178512573e-01
3.208785131573677063e-02
3.773524463176727295e-01
7.605712860822677612e-02
-8.537300676107406616e-02
-1.461600512266159058e-01
-6.149415969848632812e-01
-4.736804366111755371e-01
-8.366838842630386353e-02
1.536168754100799561e-01
-1.148795410990715027e-01
9.486872702836990356e-02
3.537194430828094482e-02
1.760976165533065796e-01
3.435275256633758545e-01
-2.120483815670013428e-01
-6.835016421973705292e-03
1.345282495021820068e-01
-8.915244601666927338e-03
-3.234833851456642151e-02
-2.254427820444107056e-01
1.335156057029962540e-02
2.325324416160583496e-01
-1.368184834718704224e-01
-3.164572417736053467e-01
-2.350924164056777954e-01
1.908932626247406006e-01
2.377835810184478760e-01
-1.756240725517272949e-01
-1.966897100210189819e-01
-3.824429214000701904e-01
-4.247530698776245117e-01
-4.331604540348052979e-01
-9.555486030876636505e-03
3.216032683849334717e-01
-1.503520160913467407e-01
8.286528289318084717e-02
-6.296949926763772964e-03
-3.095898330211639404e-01
2.521530985832214355e-01
2.091002315282821655e-01
9.743811562657356262e-03
6.477334350347518921e-02
-7.992859482765197754e-01
-7.287165522575378418e-01
6.799460947513580322e-02
1.397945284843444824e-01
2.297860682010650635e-01
2.951568365097045898e-01
-9.449235796928405762e-01
7.998691499233245850e-02
-8.484864234924316406e-02
-2.552244067192077637e-01
3.946033716201782227e-01
-5.240900442004203796e-02
-2.449131906032562256e-01
-6.141950190067291260e-02
1.358140558004379272e-01
1.677992790937423706e-01
3.293645009398460388e-02
8.280978351831436157e-02
1.219498068094253540e-01
9.844141453504562378e-02
2.636601924896240234e-01
1.003525108098983765e-01
-1.303936094045639038e-01
2.368365041911602020e-02
2.143757343292236328e-01
3.093077838420867920e-01
2.650261223316192627e-01
-1.154034361243247986e-01
2.153189107775688171e-02
-4.918860644102096558e-02
1.280274987220764160e-01
9.443821012973785400e-02
1.277178674936294556e-01
7.063012570142745972e-02
-8.329413831233978271e-02
-3.418661653995513916e-01
1.163832470774650574e-01
-5.670828744769096375e-02
-1.910400390625000000e-01
-2.075348496437072754e-01
-9.954234212636947632e-02
-5.496489629149436951e-02
-6.046788394451141357e-02
-1.327101234346628189e-02
-6.548547744750976562e-02
4.409068450331687927e-02
-5.989790707826614380e-02
1.377492249011993408e-01
1.435464173555374146e-01
2.150736898183822632e-01
1.678138226270675659e-01
6.301333010196685791e-02
-2.679756842553615570e-02
9.940657764673233032e-02
4.059463366866111755e-02
2.201789170503616333e-01
-1.769114434719085693e-01
9.810739755630493164e-02
2.398885227739810944e-02
-6.218117475509643555e-02
1.165006831288337708e-01
-2.382685896009206772e-03
-1.221132874488830566e-01
-3.716804832220077515e-02
1.267178058624267578e-01
7.176379114389419556e-02
9.492739289999008179e-02
1.036384031176567078e-01
3.255739808082580566e-02
1.463240385055541992e-01
-3.234698902815580368e-03
-2.099451608955860138e-02
-5.444672703742980957e-02
1.379906982183456421e-01
5.370875820517539978e-02
6.726986169815063477e-02
-9.499067068099975586e-02
-1.008604243397712708e-01
2.904002740979194641e-02
-4.321432858705520630e-02
1.383285671472549438e-01
-1.261868029832839966e-01
-4.119601845741271973e-02
-2.879403829574584961e-01
-5.550432205200195312e-02
-3.437497019767761230e-01
1.267218291759490967e-01
1.055421158671379089e-01
2.018102258443832397e-01
1.791354566812515259e-01
1.322292070835828781e-02
-4.609831795096397400e-02
5.397378280758857727e-02
1.931889802217483521e-01
1.835854798555374146e-01
-4.160301294177770615e-03
3.813449665904045105e-02
-1.587198972702026367e-01
-2.538671791553497314e-01
-1.673686951398849487e-01
-1.172011867165565491e-01
-1.096524298191070557e-03
-3.459274172782897949e-01
-4.526495337486267090e-01
-4.312582910060882568e-01
-1.539707630872726440e-01
-1.647341847419738770e-01
9.278345108032226562e-02
-1.760430186986923218e-01
-8.465883880853652954e-02
-3.740775585174560547e-02
-3.634114861488342285e-01
2.068067193031311035e-01
4.410799965262413025e-02
-2.150633186101913452e-01
-4.799981415271759033e-02
4.240210633724927902e-03
1.286706179380416870e-01
9.887041896581649780e-02
4.006861150264739990e-02
-9.491284936666488647e-02
-5.080854892730712891e-02
-5.861207470297813416e-02
-1.496393233537673950e-03
-5.359216779470443726e-02
2.513524144887924194e-02
2.503121644258499146e-02
-1.424533035606145859e-02
-4.713506624102592468e-02
1.133874282240867615e-01
1.353771686553955078e-01
5.557575449347496033e-02
5.381468683481216431e-02
4.964812472462654114e-02
2.305482625961303711e-01
2.347195595502853394e-01
-1.607461646199226379e-02
-4.240445792675018311e-01
-7.648319005966186523e-01
-3.565070033073425293e-01
3.209863305091857910e-01
2.074375748634338379e-01
-9.442718029022216797e-01
-2.022275477647781372e-01
1.558760832995176315e-02
-1.289720833301544189e-01
-3.699334859848022461e-01
-9.360416233539581299e-02
1.445200294256210327e-01
1.224465742707252502e-01
-5.499614030122756958e-02
-9.548564255237579346e-02
5.267361402511596680e-01
4.744648467749357224e-04
1.237858533859252930e-01
1.197378784418106079e-01
1.973352134227752686e-01
1.169684305787086487e-01
-1.913587301969528198e-01
-5.796648189425468445e-02
3.952345550060272217e-01
-2.118407636880874634e-01
-2.104660868644714355e-01
-1.682708710432052612e-01
6.624901294708251953e-02
9.100472927093505859e-02
1.428346931934356689e-01
1.159835532307624817e-01
-8.482637256383895874e-02
-9.252696484327316284e-02
-4.463428258895874023e-02
-1.343850493431091309e-01
7.339285314083099365e-02
-6.380107998847961426e-02
-1.690868735313415527e-01
-6.380899995565414429e-02
-7.110585272312164307e-02
1.471848189830780029e-01
9.437119215726852417e-02
-4.664587602019309998e-02
4.412798210978507996e-02
-2.680076472461223602e-02
3.644754290580749512e-01
1.223511621356010437e-01
1.345390677452087402e-01
1.394531428813934326e-01
-8.385482244193553925e-03
-3.036201298236846924e-01
-4.387317299842834473e-01
-1.883375644683837891e-01
-5.607250928878784180e-01
-5.767378807067871094e-01
-5.231603980064392090e-01
-3.209754824638366699e-01
-4.929252266883850098e-01
-6.359748840332031250e-01
-1.172551751136779785e+00
-4.578317999839782715e-01
-2.577930688858032227e-01
-1.602098941802978516e-01
-3.808397948741912842e-01
-7.165160179138183594e-01
2.062355726957321167e-02
-3.620314002037048340e-01
-3.860145434737205505e-02
1.135977134108543396e-01
-7.051716744899749756e-02
5.422914773225784302e-02
-1.666781008243560791e-01
-4.841149970889091492e-02
1.792324185371398926e-01
-5.654622316360473633e-01
-1.521522402763366699e-01
4.248540401458740234e-01
2.230175584554672241e-01
1.258547008037567139e-01
3.087354600429534912e-01
-6.867827475070953369e-02
-6.580075621604919434e-02
-6.151694059371948242e-02
-2.414004877209663391e-02
3.009922057390213013e-02
-4.262357354164123535e-01
-2.125454843044281006e-01
-1.344047188758850098e-01
-1.325646340847015381e-01
-3.344675526022911072e-02
-1.319373399019241333e-01
-1.039739102125167847e-01
-9.132273495197296143e-02
4.505600314587354660e-03
-2.015674114227294922e-01
8.292111009359359741e-02
3.685534372925758362e-02
-1.060185134410858154e-01
1.503057032823562622e-01
1.251384317874908447e-01
1.523225903511047363e-01
8.037362992763519287e-02
8.709019422531127930e-02
3.649397194385528564e-01
-1.001590564846992493e-01
2.960509248077869415e-02
-1.084552891552448273e-02
6.704983860254287720e-02
-9.524945914745330811e-02
-1.850570142269134521e-01
1.284615844488143921e-01
4.578530043363571167e-02
2.840147353708744049e-02
-1.273620687425136566e-02
-5.644708126783370972e-02
4.792083054780960083e-02
-8.431112021207809448e-02
-1.131484284996986389e-02
-7.747918367385864258e-02
-1.149089634418487549e-01
-1.134187281131744385e-01
-4.273121953010559082e-01
-2.006618827581405640e-01
1.087729632854461670e-01
2.745039761066436768e-01
5.392734333872795105e-02
1.348724495619535446e-02
-3.882948681712150574e-02
2.028472721576690674e-01
1.251451224088668823e-01
-2.122446894645690918e-01
-1.506358981132507324e-01
-2.667440772056579590e-01
-2.057761400938034058e-01
-1.930255889892578125e-01
-5.835649371147155762e-02
1.002329587936401367e-01
1.531882584095001221e-01
2.057892829179763794e-01
1.715900003910064697e-01
-3.140700161457061768e-01
-1.840726099908351898e-02
1.745697110891342163e-01
6.284188479185104370e-02
-9.742938913404941559e-03
2.285918220877647400e-03
5.366366356611251831e-02
1.342830508947372437e-01
3.145518526434898376e-02
9.152131527662277222e-02
