1.657644361257553101e-01
1.502383053302764893e-01
-2.417721040546894073e-02
8.659757673740386963e-03
5.300290416926145554e-03
9.660260379314422607e-02
-1.194139271974563599e-01
-1.192066520452499390e-01
9.300052374601364136e-02
-2.078132145106792450e-02
-2.766545675694942474e-02
1.501496434211730957e-01
1.958451047539710999e-02
2.657797001302242279e-02
6.236969679594039917e-02
-1.486797034740447998e-01
3.923058044165372849e-03
1.002155095338821411e-01
7.726038992404937744e-02
1.084509715437889099e-01
4.332595970481634140e-03
1.124968901276588440e-01
1.506941616535186768e-01
3.624691069126129150e-02
-2.172368578612804413e-03
2.014101147651672363e-01
-4.136960487812757492e-03
3.962120413780212402e-02
5.166636407375335693e-02
8.565957844257354736e-02
2.434307336807250977e-01
2.627874724566936493e-02
-3.208004683256149292e-02
1.701959595084190369e-02
2.247623354196548462e-01
1.278221607208251953e-01
1.944325566291809082e-01
1.266123056411743164e-01
2.924122288823127747e-02
2.180441319942474365e-01
-1.314199268817901611e-01
1.356564015150070190e-01
-6.873583048582077026e-02
2.390931546688079834e-02
-1.792816631495952606e-02
7.643440738320350647e-03
7.837776094675064087e-03
1.510823816061019897e-01
8.086019009351730347e-02
1.126675903797149658e-01
1.229134574532508850e-01
4.940889775753021240e-02
9.373318403959274292e-03
9.063295274972915649e-02
4.337400197982788086e-02
2.111895680427551270e-01
7.206079363822937012e-02
-5.799022503197193146e-03
-2.366489544510841370e-02
1.210939809679985046e-01
9.465189278125762939e-02
1.363292634487152100e-01
1.412109881639480591e-01
1.051284745335578918e-02
2.723290957510471344e-02
-1.066902279853820801e-01
1.786260753870010376e-01
2.946153841912746429e-02
4.697949439287185669e-02
-8.190376311540603638e-02
1.289399899542331696e-02
1.647323220968246460e-01
1.372729241847991943e-01
6.935514509677886963e-02
1.084347441792488098e-01
8.022138476371765137e-02
3.627010434865951538e-02
-6.952883303165435791e-02
1.349044889211654663e-01
-6.995607912540435791e-02
1.080840919166803360e-02
-9.275903552770614624e-02
-1.583493687212467194e-02
1.353477686643600464e-01
