-3.908098340034484863e-01
-8.544142842292785645e-01
1.196000501513481140e-01
5.667225718498229980e-01
1.823716610670089722e-01
2.319720834493637085e-01
-1.634906977415084839e-01
-3.010922670364379883e-01
3.093024715781211853e-02
1.710039526224136353e-01
-4.255269169807434082e-01
-7.793975621461868286e-02
-5.622417926788330078e-01
3.102073669433593750e-01
2.995213270187377930e-01
2.397250831127166748e-01
-5.984954237937927246e-01
1.049701273441314697e-01
1.225308626890182495e-01
-3.521891534328460693e-01
1.212007850408554077e-01
-1.057991087436676025e-01
1.483812481164932251e-01
-6.852874159812927246e-02
-3.902958333492279053e-01
4.491306543350219727e-01
2.474724799394607544e-01
1.504245996475219727e-01
1.099847555160522461e-01
-3.528746962547302246e-01
-5.084201097488403320e-01
2.666590511798858643e-01
3.410189151763916016e-01
1.131819337606430054e-01
-5.063769966363906860e-02
-6.334564089775085449e-01
8.352554589509963989e-02
2.773002684116363525e-01
2.413401454687118530e-01
-2.603510916233062744e-01
-2.356762886047363281e-01
2.857709228992462158e-01
2.279100120067596436e-01
1.561437845230102539e-01
-5.097793340682983398e-01
4.962386190891265869e-02
4.571711421012878418e-01
1.917375326156616211e-01
1.137152537703514099e-01
1.572655588388442993e-01
1.808711439371109009e-01
6.695895791053771973e-01
2.228805720806121826e-01
2.140333205461502075e-01
1.169974282383918762e-01
-1.277275756001472473e-02
1.520216371864080429e-02
-1.944854259490966797e-01
-3.339657187461853027e-01
-9.550751745700836182e-02
-1.825967729091644287e-01
2.790624797344207764e-01
2.782849669456481934e-01
-1.661041826009750366e-01
-5.284631848335266113e-01
6.637813448905944824e-01
-1.924345195293426514e-01
1.166335493326187134e-01
-5.590970516204833984e-01
-8.408400416374206543e-01
-8.349409103393554688e-01
3.179803490638732910e-01
4.503478109836578369e-01
-1.920724362134933472e-01
-6.532946228981018066e-01
-5.217702388763427734e-01
2.382192462682723999e-01
8.059584349393844604e-02
-3.033761084079742432e-01
7.660353183746337891e-02
1.222678497433662415e-01
-3.008606135845184326e-01
4.431569948792457581e-02
2.155541181564331055e-01
1.550016552209854126e-01
-3.994357883930206299e-01
-6.284303665161132812e-01
-5.388957262039184570e-01
-2.821317017078399658e-01
2.100022584199905396e-01
4.950231611728668213e-01
1.481032371520996094e-01
-6.199927330017089844e-01
-6.887930035591125488e-01
-3.873971998691558838e-01
2.495134174823760986e-01
-2.451352030038833618e-01
-1.130830571055412292e-01
-1.386348605155944824e-01
-1.130808472633361816e+00
-4.869796335697174072e-01
-4.384475350379943848e-01
2.596053183078765869e-01
2.294812351465225220e-01
-3.996456265449523926e-01
1.632804721593856812e-01
4.704525768756866455e-01
-1.550619304180145264e-01
-1.089763045310974121e-01
2.318011224269866943e-01
-4.312454760074615479e-01
-2.262216508388519287e-01
2.336099296808242798e-01
2.409248650074005127e-01
1.688969284296035767e-01
4.501816332340240479e-01
8.356625437736511230e-01
1.976868212223052979e-01
2.073699831962585449e-01
-3.401930332183837891e-01
-1.093131750822067261e-01
2.278312593698501587e-01
2.016804516315460205e-01
1.325574368238449097e-01
2.264275252819061279e-01
3.314175605773925781e-01
1.256932616233825684e-01
-7.107017189264297485e-02
-1.002243906259536743e-01
-4.620454609394073486e-01
-8.190086483955383301e-01
-1.044269651174545288e-01
1.113210394978523254e-01
1.263229548931121826e-01
4.145897030830383301e-01
3.518770933151245117e-01
-6.024176478385925293e-01
4.244704842567443848e-01
-1.104461122304201126e-02
1.158404648303985596e-01
1.800351142883300781e-01
2.107142806053161621e-01
-5.177983045578002930e-01
3.166524469852447510e-01
2.614559531211853027e-01
-3.192432224750518799e-02
-3.084400855004787445e-02
2.017069905996322632e-01
-6.449512392282485962e-02
-2.171060442924499512e-02
-2.305492609739303589e-01
1.674553006887435913e-01
3.623589277267456055e-01
2.318651080131530762e-01
4.048984348773956299e-01
-2.377986609935760498e-01
-1.364544332027435303e-01
-3.582237362861633301e-01
2.109620273113250732e-01
-1.106396690011024475e-01
4.223361313343048096e-01
2.029569745063781738e-01
4.696112498641014099e-02
-8.017925620079040527e-01
1.159835606813430786e-01
2.579824626445770264e-01
5.348907709121704102e-01
-4.897331297397613525e-01
-2.471310645341873169e-01
5.340772122144699097e-02
2.988972663879394531e-01
-1.257599949836730957e+00
7.380776107311248779e-03
-3.895901143550872803e-02
1.896334141492843628e-01
2.659149169921875000e-01
-1.929228305816650391e-01
1.205912679433822632e-01
1.223421618342399597e-01
-2.871254384517669678e-01
5.116279125213623047e-01
3.059941232204437256e-01
1.719335317611694336e-01
2.266501635313034058e-01
-5.705815181136131287e-02
2.359286695718765259e-01
1.979574114084243774e-01
-1.049563050270080566e+00
2.113134115934371948e-01
-5.677956342697143555e-01
1.913960576057434082e-01
-3.889726698398590088e-01
-1.268485840409994125e-02
2.758625149726867676e-01
2.735586464405059814e-01
-2.338259220123291016e-01
1.323272436857223511e-01
-7.981307059526443481e-02
-9.801504611968994141e-01
1.179760396480560303e-01
-2.430866360664367676e-01
-3.061919808387756348e-01
-4.048002511262893677e-02
-9.481882452964782715e-01
-3.001277893781661987e-02
-2.676799893379211426e-01
-1.065945811569690704e-02
-3.386180102825164795e-01
2.503829002380371094e-01
8.891102671623229980e-02
1.656363606452941895e-01
2.836875617504119873e-01
4.725247919559478760e-01
-2.593476176261901855e-01
-2.099039107561111450e-01
7.310590147972106934e-02
-3.336997330188751221e-01
-2.654325664043426514e-01
-5.544091761112213135e-02
1.534637808799743652e-01
-9.217666834592819214e-02
6.562632918357849121e-01
-9.243152104318141937e-03
-6.340538859367370605e-01
-7.337266802787780762e-01
1.427619457244873047e-01
-1.600100249052047729e-01
4.598756507039070129e-02
-4.312149584293365479e-01
1.918981783092021942e-02
9.477337449789047241e-02
-6.798080205917358398e-01
2.601037621498107910e-01
1.771687120199203491e-01
-4.403060078620910645e-01
-3.298715949058532715e-01
2.959291078150272369e-02
5.155175924301147461e-02
3.369587957859039307e-01
-1.220441088080406189e-01
1.437415778636932373e-01
4.912564158439636230e-02
-6.339287757873535156e-02
2.243893295526504517e-01
-2.565560638904571533e-01
1.441296190023422241e-01
-3.450451418757438660e-02
7.015881687402725220e-02
-4.539308547973632812e-01
3.241950571537017822e-01
3.228987157344818115e-01
4.192939400672912598e-01
-3.495635986328125000e-01
7.815637439489364624e-02
-4.651451706886291504e-01
-6.720056384801864624e-02
-3.935948312282562256e-01
8.855298161506652832e-02
1.723767071962356567e-01
8.816526085138320923e-02
3.360085189342498779e-01
1.799709498882293701e-01
2.946148812770843506e-01
1.182230487465858459e-01
9.384498931467533112e-03
1.813765019178390503e-01
-4.743916690349578857e-01
-1.602232158184051514e-01
1.594588160514831543e-01
-3.274206817150115967e-01
1.441230177879333496e-01
-2.871811091899871826e-01
5.447382852435112000e-02
2.435773313045501709e-01
-4.496407508850097656e-01
-3.161822259426116943e-01
2.721633017063140869e-01
-3.901180028915405273e-01
4.003336727619171143e-01
-2.796840667724609375e-01
-7.283239960670471191e-01
1.828269660472869873e-01
-1.219132468104362488e-01
2.099702656269073486e-01
-8.500309288501739502e-02
2.004149854183197021e-01
1.232549995183944702e-01
-6.009885072708129883e-01
-2.219958454370498657e-01
-1.709635704755783081e-01
1.063769683241844177e-01
2.485174983739852905e-01
3.702451288700103760e-01
2.760141789913177490e-01
1.441390961408615112e-01
-2.630296349525451660e-01
-4.107317328453063965e-02
3.459497392177581787e-01
-3.453590571880340576e-01
2.985394746065139771e-02
-2.589372098445892334e-01
3.465446829795837402e-01
-2.559305913746356964e-02
-3.732210695743560791e-01
-2.215296030044555664e-01
1.486437171697616577e-01
6.734219789505004883e-01
-6.872569024562835693e-02
9.938024729490280151e-02
3.143818676471710205e-01
2.954774200916290283e-01
2.767681479454040527e-01
2.283151149749755859e-01
-2.868795692920684814e-01
-4.855206906795501709e-01
8.051839657127857208e-03
2.290409505367279053e-01
-3.682129979133605957e-01
2.935476601123809814e-02
1.887359470129013062e-01
-7.700658440589904785e-01
3.175903856754302979e-01
3.499278724193572998e-01
-4.493570625782012939e-01
-7.206866741180419922e-01
-5.207194760441780090e-02
-3.208226561546325684e-01
3.668902218341827393e-01
1.719550192356109619e-01
1.820612996816635132e-01
-3.763770312070846558e-02
2.603520750999450684e-01
2.059968411922454834e-01
-4.273025989532470703e-01
-5.737869143486022949e-01
1.616202741861343384e-01
7.715668529272079468e-02
2.414736896753311157e-01
1.380984783172607422e-01
-7.744963169097900391e-01
4.100989699363708496e-01
-6.564644575119018555e-01
-9.871297329664230347e-02
2.917583584785461426e-01
4.740861430764198303e-02
1.111535578966140747e-01
4.763616025447845459e-01
1.874148249626159668e-01
-1.316852271556854248e-01
1.343218386173248291e-01
-4.190694391727447510e-01
3.719685673713684082e-01
-3.519710004329681396e-01
1.571584045886993408e-01
-4.779556989669799805e-01
-5.589864030480384827e-02
1.931918263435363770e-01
7.943557202816009521e-02
9.789281338453292847e-02
-8.672260642051696777e-01
4.275818914175033569e-02
-3.331293761730194092e-01
-5.128540396690368652e-01
5.415474772453308105e-01
1.574822515249252319e-01
4.791434407234191895e-01
-3.504673242568969727e-01
-1.952392756938934326e-01
1.841735094785690308e-01
-2.781153321266174316e-01
1.770821064710617065e-01
-7.938799262046813965e-01
-2.713771760463714600e-01
4.753546118736267090e-01
-6.346201896667480469e-02
-5.294973254203796387e-01
1.094788908958435059e-01
5.758057162165641785e-02
1.443271189928054810e-01
-4.615712761878967285e-01
-2.658548653125762939e-01
-3.206818997859954834e-01
-2.487386614084243774e-01
-4.486534595489501953e-01
-1.041721329092979431e-01
6.416872888803482056e-02
1.988496035337448120e-01
6.028319597244262695e-01
4.043579995632171631e-01
-5.045253634452819824e-01
2.440157234668731689e-01
4.390651732683181763e-02
3.350389599800109863e-01
2.103107720613479614e-01
2.433740645647048950e-01
2.021295204758644104e-02
-3.175341188907623291e-01
1.805590838193893433e-01
1.332476586103439331e-01
6.448252201080322266e-01
1.529069542884826660e-01
-2.737516164779663086e-02
2.429118007421493530e-01
1.619479954242706299e-01
3.580448031425476074e-02
1.947168558835983276e-01
-1.365085095167160034e-01
3.065366446971893311e-01
1.370562473312020302e-03
4.217712879180908203e-01
-1.626740209758281708e-02
1.531282514333724976e-01
-3.973023891448974609e-01
2.455608546733856201e-01
9.718099981546401978e-02
1.041709408164024353e-01
-3.199021518230438232e-02
2.288141399621963501e-01
-5.106611251831054688e-01
-6.656018495559692383e-01
2.855008840560913086e-01
2.751703858375549316e-01
-2.632219195365905762e-01
2.881658077239990234e-01
-5.634958297014236450e-02
1.544657647609710693e-01
4.098245501518249512e-01
-5.675866454839706421e-02
3.632115423679351807e-01
-6.907595992088317871e-01
-3.075886070728302002e-01
6.167994812130928040e-02
1.891721040010452271e-01
-4.094505608081817627e-01
3.093471527099609375e-01
-2.415837347507476807e-01
2.458799332380294800e-01
-1.085878238081932068e-01
-6.621609628200531006e-02
-4.377215355634689331e-02
-5.415998101234436035e-01
1.547549068927764893e-01
-3.478991091251373291e-01
-5.314404144883155823e-02
4.197372496128082275e-01
3.375021219253540039e-01
2.530636191368103027e-01
-2.420581430196762085e-01
4.304499626159667969e-01
-3.302586972713470459e-01
7.360441982746124268e-02
1.387387514114379883e-01
-7.253739237785339355e-02
-7.700543999671936035e-01
-2.094323188066482544e-01
2.701186835765838623e-01
-6.376800537109375000e-01
-7.942302227020263672e-01
-7.204037308692932129e-01
4.248310029506683350e-01
1.334292739629745483e-01
-3.413770496845245361e-01
-2.997474186122417450e-02
1.293241828680038452e-01
-2.746407389640808105e-01
1.605553776025772095e-01
2.705824077129364014e-01
-2.827439904212951660e-01
2.969071269035339355e-01
1.375542581081390381e-01
-4.094773530960083008e-01
8.824096620082855225e-02
2.207530289888381958e-01
-7.724059224128723145e-01
5.347896814346313477e-01
7.773807644844055176e-02
4.677569866180419922e-01
-4.828139245510101318e-01
2.280535250902175903e-01
-4.436588585376739502e-01
7.771443575620651245e-02
-1.926694512367248535e-01
5.446701496839523315e-02
6.516383290290832520e-01
-2.054006159305572510e-01
-1.061570867896080017e-01
1.208156272768974304e-01
1.516280472278594971e-01
1.811545193195343018e-01
3.239242732524871826e-01
-3.970868885517120361e-02
4.295719265937805176e-01
1.696246266365051270e-01
2.020929753780364990e-01
1.427031159400939941e-01
-2.024215161800384521e-01
-6.459535360336303711e-01
3.765144646167755127e-01
-7.673975545912981033e-03
-3.584223613142967224e-02
-1.062252670526504517e-01
-4.907181262969970703e-01
-9.847098588943481445e-02
2.466371059417724609e-01
-6.587056070566177368e-02
1.809183508157730103e-01
2.928082644939422607e-01
5.909144282341003418e-01
4.806730747222900391e-01
1.610865443944931030e-01
2.031611502170562744e-01
2.619910836219787598e-01
4.303604662418365479e-01
6.331422924995422363e-02
-3.305755853652954102e-01
3.969877660274505615e-01
-3.159871995449066162e-01
-2.004505693912506104e-01
1.843941509723663330e-01
2.009514123201370239e-01
-2.630041539669036865e-01
4.127480462193489075e-02
-3.936307132244110107e-01
6.477794647216796875e-01
2.441833019256591797e-01
1.981279999017715454e-01
1.769901216030120850e-01
5.997897982597351074e-01
-5.041909962892532349e-02
-2.859772741794586182e-01
-1.899417489767074585e-01
-1.640605032444000244e-01
1.061088442802429199e-01
-3.797363042831420898e-01
-6.002924442291259766e-01
-7.220257520675659180e-01
-5.758765339851379395e-02
-1.240904815495014191e-02
4.443898797035217285e-01
-1.457297652959823608e-01
4.408707022666931152e-01
8.297805488109588623e-02
3.171673715114593506e-01
4.068635702133178711e-01
-5.265373587608337402e-01
5.866543855518102646e-03
-6.813212037086486816e-01
-5.741422176361083984e-01
2.216863632202148438e-01
-4.884831607341766357e-01
-1.889953315258026123e-01
4.070471823215484619e-01
-4.327430725097656250e-01
-3.505488038063049316e-01
6.388942152261734009e-02
6.168931722640991211e-01
-4.733147025108337402e-01
-2.784148324280977249e-03
-2.657469213008880615e-01
-4.171034395694732666e-01
5.240666214376688004e-03
-5.377976894378662109e-01
2.689692974090576172e-01
1.982614845037460327e-01
4.592392444610595703e-01
1.966612488031387329e-01
2.215633690357208252e-01
-2.840221226215362549e-01
1.958444416522979736e-01
6.193575263023376465e-01
1.100989356637001038e-01
8.017715997993946075e-03
-1.629347950220108032e-01
-4.507163166999816895e-01
-3.550546765327453613e-01
-2.535695955157279968e-02
5.315784811973571777e-01
-5.506145358085632324e-01
1.991255283355712891e-01
3.798788413405418396e-02
-8.688366040587425232e-03
-1.821443624794483185e-02
4.269976913928985596e-01
1.005758643150329590e-01
2.917570471763610840e-01
-1.638266891241073608e-01
1.489880979061126709e-01
-6.272280216217041016e-02
3.629259765148162842e-01
2.865380346775054932e-01
7.276203036308288574e-01
7.775770425796508789e-01
2.174745500087738037e-01
-1.496495753526687622e-01
-4.783860146999359131e-01
-1.382609307765960693e-01
1.215721145272254944e-01
-6.767953634262084961e-01
6.544888019561767578e-02
-3.807194530963897705e-01
6.625557690858840942e-02
4.325033351778984070e-02
-1.240698620676994324e-01
-1.528057754039764404e-01
1.360874772071838379e-01
-7.377570867538452148e-02
-5.758401751518249512e-02
3.010854125022888184e-01
2.621717751026153564e-01
-4.394842982292175293e-01
-1.910047680139541626e-01
2.773924171924591064e-01
3.020736873149871826e-01
-2.201035618782043457e-01
-1.951061487197875977e-01
4.148950800299644470e-02
7.048910260200500488e-01
2.356650084257125854e-01
2.170051336288452148e-01
1.453681290149688721e-01
-6.685662865638732910e-01
-2.612274587154388428e-01
-8.150662183761596680e-01
7.582572847604751587e-02
3.188145458698272705e-01
1.010640189051628113e-01
1.414857953786849976e-01
-4.109190404415130615e-01
4.899970442056655884e-02
-4.255746901035308838e-01
1.015710905194282532e-01
1.344856768846511841e-01
1.193445473909378052e-01
-9.471182525157928467e-02
2.449918091297149658e-01
2.189385145902633667e-01
1.810057014226913452e-01
-6.290875077247619629e-01
-1.110999006778001785e-02
3.562322556972503662e-01
1.745166182518005371e-01
2.465934753417968750e-01
-3.694810345768928528e-02
1.997511386871337891e-01
-1.030320487916469574e-02
-2.452472597360610962e-01
7.802774012088775635e-02
-2.666659951210021973e-01
3.720818161964416504e-01
-6.785877346992492676e-01
-5.622190833091735840e-01
6.639589667320251465e-01
-4.858836233615875244e-01
1.105248555541038513e-01
2.648461461067199707e-01
-5.886597037315368652e-01
1.722593456506729126e-01
1.915517151355743408e-01
1.025564223527908325e-01
-3.741308450698852539e-01
1.446972638368606567e-01
7.108408957719802856e-02
1.212201043963432312e-01
-2.892838716506958008e-01
-2.865696251392364502e-01
1.456779837608337402e-01
6.168587878346443176e-02
-5.486341118812561035e-01
3.154153525829315186e-01
-4.353584945201873779e-01
1.055066585540771484e+00
8.798886090517044067e-02
3.759438097476959229e-01
5.571522936224937439e-02
-6.646075248718261719e-01
-6.497478485107421875e-01
-9.433816671371459961e-01
-1.766583025455474854e-01
-2.956424653530120850e-01
-5.965573191642761230e-01
-6.696296334266662598e-01
4.753172993659973145e-01
8.481822162866592407e-02
-1.060370542109012604e-02
-1.502311676740646362e-01
8.628610521554946899e-02
-1.916325092315673828e-01
-8.076161146163940430e-01
-9.472877383232116699e-01
2.774262130260467529e-01
-1.154464930295944214e-01
5.417029261589050293e-01
1.454921811819076538e-01
4.872242808341979980e-01
3.309812247753143311e-01
2.825653553009033203e-01
-5.551114678382873535e-01
3.757600784301757812e-01
1.552302688360214233e-01
1.415614187717437744e-01
-4.413797557353973389e-01
-1.115053817629814148e-01
3.820787966251373291e-01
1.824236661195755005e-01
-2.007528394460678101e-01
2.324676960706710815e-01
-3.531269431114196777e-01
5.148375034332275391e-01
1.909353882074356079e-01
1.053092032670974731e-01
-2.557508349418640137e-01
-4.858405888080596924e-02
-3.778682649135589600e-02
-3.780868649482727051e-01
-1.919148266315460205e-01
6.810398399829864502e-02
2.244475781917572021e-01
5.476279556751251221e-02
-6.737538576126098633e-01
3.059281110763549805e-01
1.560713052749633789e-01
-8.531562983989715576e-02
-4.344909191131591797e-01
-3.397361934185028076e-01
-4.849455952644348145e-01
-5.304500088095664978e-02
-7.575749754905700684e-01
3.213397860527038574e-01
1.423890441656112671e-01
-1.377985477447509766e-01
1.550419777631759644e-01
4.714949801564216614e-02
2.692674100399017334e-01
1.320438981056213379e-01
2.790482044219970703e-01
2.424922585487365723e-01
2.585714682936668396e-02
-3.126371800899505615e-01
8.545652031898498535e-02
-1.138668805360794067e-01
-2.082274854183197021e-01
1.234016269445419312e-01
-3.011275827884674072e-01
2.779740989208221436e-01
5.684413313865661621e-01
1.419442892074584961e-01
-1.603777706623077393e-01
1.763509958982467651e-02
3.822328746318817139e-01
-1.213731288909912109e+00
5.158106237649917603e-02
7.130026072263717651e-02
-6.774217486381530762e-01
1.362691968679428101e-01
-2.282510548830032349e-01
2.032705843448638916e-01
-6.058040633797645569e-02
3.619833290576934814e-01
5.821685120463371277e-02
3.101654648780822754e-01
1.286934912204742432e-01
2.049190700054168701e-01
-2.860769331455230713e-01
-1.285283267498016357e-01
3.585609197616577148e-01
-9.587389826774597168e-01
1.127368658781051636e-01
2.661808207631111145e-02
1.175013110041618347e-01
-7.402917370200157166e-03
4.554783105850219727e-01
-1.986380293965339661e-02
3.962579667568206787e-01
1.555906981229782104e-01
-3.558444604277610779e-02
4.192849993705749512e-01
-7.605323791503906250e-01
-1.387622207403182983e-01
-3.401132524013519287e-01
7.398022711277008057e-02
-5.701683759689331055e-01
-2.554401941597461700e-02
9.403770416975021362e-02
1.132858768105506897e-01
1.633729636669158936e-01
-5.383331179618835449e-01
4.080465137958526611e-01
-3.672074079513549805e-01
-3.088222742080688477e-01
6.648290902376174927e-02
-5.129213333129882812e-01
2.875303626060485840e-01
-4.579164553433656693e-03
-4.174660518765449524e-02
6.553189456462860107e-02
1.378260254859924316e-01
-2.003481984138488770e-01
-6.555168032646179199e-01
2.053910680115222931e-02
2.515030205249786377e-01
-2.761677801609039307e-01
1.611829251050949097e-01
2.963578104972839355e-01
-3.344851732254028320e-01
2.090332210063934326e-01
-4.410592019557952881e-01
-2.531555294990539551e-01
-8.101744651794433594e-01
2.577183842658996582e-01
7.636592537164688110e-02
-1.263876080513000488e+00
-4.346292912960052490e-01
1.023278757929801941e-01
-1.942577362060546875e-01
1.198614537715911865e-01
-8.425221443176269531e-01
1.638898551464080811e-01
-3.284195810556411743e-02
1.888871788978576660e-01
2.902086079120635986e-01
1.965847313404083252e-01
2.234158962965011597e-01
1.269978731870651245e-01
-4.955932497978210449e-02
2.086300253868103027e-01
1.662681698799133301e-01
6.462937593460083008e-02
-1.459792908281087875e-02
-9.849568009376525879e-01
1.442559361457824707e-01
1.591657698154449463e-01
2.374332100152969360e-01
-2.749525606632232666e-01
8.659553527832031250e-02
-6.268329620361328125e-01
3.645311594009399414e-01
2.765353322029113770e-01
1.247747763991355896e-01
6.257038116455078125e-01
-4.155566394329071045e-01
