-2.580654621124267578e-01
-3.061403334140777588e-01
-2.399943321943283081e-01
5.298535898327827454e-02
1.439606398344039917e-01
-1.822095066308975220e-01
-1.619199067354202271e-01
-1.695655882358551025e-01
1.309285163879394531e-01
-1.073776930570602417e-01
-2.478824257850646973e-01
-1.599426716566085815e-01
6.510984897613525391e-02
-2.024641633033752441e-01
2.480073273181915283e-01
-1.199488788843154907e-01
-4.171829819679260254e-01
-1.528489440679550171e-01
-4.699687659740447998e-02
-2.646155953407287598e-01
-2.065516114234924316e-01
-2.393608391284942627e-01
-2.183168232440948486e-01
-8.868095278739929199e-02
