4.097113385796546936e-02
1.166247278451919556e-01
1.060261800885200500e-01
2.571841888129711151e-02
9.696666896343231201e-02
9.150598198175430298e-02
1.644752919673919678e-02
-2.773538231849670410e-02
2.855566143989562988e-02
-4.154775291681289673e-02
-3.278145939111709595e-02
2.218496426939964294e-02
3.190061822533607483e-02
4.532717168331146240e-02
5.911610648036003113e-02
8.703080564737319946e-02
8.894951641559600830e-02
3.869550069794058800e-03
1.139663979411125183e-01
9.265090525150299072e-02
1.809741184115409851e-02
-8.561834692955017090e-03
6.076044519431889057e-04
-4.909108579158782959e-02
1.931389048695564270e-02
5.497748777270317078e-02
1.416901126503944397e-02
5.893217399716377258e-02
-9.469280019402503967e-03
7.268729805946350098e-02
8.939600735902786255e-02
7.895000278949737549e-02
9.958370774984359741e-02
3.077807370573282242e-03
-4.038741812109947205e-02
9.467091877013444901e-04
-4.482512176036834717e-02
7.091960310935974121e-02
-1.514352974481880665e-03
7.178975641727447510e-02
-8.379558473825454712e-02
7.338286843150854111e-03
2.378390170633792877e-02
7.751785218715667725e-02
-1.049708016216754913e-02
7.637509144842624664e-03
5.658552516251802444e-03
-3.875364363193511963e-02
3.851396963000297546e-02
8.149469643831253052e-02
8.536104857921600342e-02
4.928130283951759338e-02
-5.649184063076972961e-02
-5.966024100780487061e-02
1.001633927226066589e-01
1.081619784235954285e-01
-2.574990503489971161e-02
4.023583233356475830e-02
5.519812926650047302e-02
-3.587323799729347229e-02
4.968047887086868286e-02
1.233356422744691372e-03
1.058666855096817017e-01
-2.657835185527801514e-02
5.736457183957099915e-02
-4.254782944917678833e-02
4.381748661398887634e-02
3.263542801141738892e-02
-1.368001755326986313e-02
3.848771750926971436e-02
1.372956112027168274e-02
-1.724530197679996490e-02
9.443922340869903564e-02
-9.344006329774856567e-02
-5.609638988971710205e-02
1.416064053773880005e-01
7.320183515548706055e-02
9.272865951061248779e-02
7.139304280281066895e-02
-2.966402098536491394e-02
1.372111868113279343e-02
-1.265857834368944168e-02
1.009722612798213959e-02
9.228508919477462769e-03
7.292393594980239868e-02
9.049941785633563995e-03
4.643321037292480469e-02
-5.162870977073907852e-03
-1.137291779741644859e-03
-2.975559420883655548e-02
8.777680248022079468e-02
7.429392635822296143e-02
-3.094574250280857086e-02
7.257129251956939697e-02
7.638177275657653809e-02
1.972617022693157196e-02
