3.280065953731536865e-02
-4.578867554664611816e-02
-2.547855675220489502e-02
-2.965168282389640808e-02
3.528236597776412964e-02
4.548633098602294922e-02
-3.977449610829353333e-02
2.288659662008285522e-02
7.037482410669326782e-02
3.075277805328369141e-02
-3.743462264537811279e-02
-4.965199157595634460e-02
2.473908662796020508e-02
3.335349261760711670e-03
-5.129233002662658691e-03
-3.354644030332565308e-02
1.448731124401092529e-02
8.105412125587463379e-04
6.775522977113723755e-02
6.066585332155227661e-02
3.909500688314437866e-02
5.592828243970870972e-02
-4.838773608207702637e-02
-6.198512017726898193e-02
2.278935164213180542e-02
-1.320471614599227905e-02
7.065250724554061890e-02
1.089873164892196655e-02
-5.124266445636749268e-02
-2.268376201391220093e-02
-1.702462136745452881e-02
5.865236371755599976e-02
