1.752155646681785583e-02
8.334729820489883423e-03
2.438031509518623352e-02
-3.230266273021697998e-03
-3.195014595985412598e-02
2.903033047914505005e-03
-3.750261291861534119e-02
-1.940254867076873779e-02
-1.651242375373840332e-02
1.519514620304107666e-02
1.298636943101882935e-02
2.005478367209434509e-02
-3.419606015086174011e-02
-9.486418217420578003e-03
-2.161249704658985138e-02
1.588763296604156494e-02
-9.521096944808959961e-05
-3.395872190594673157e-02
-4.741515964269638062e-03
2.666306123137474060e-02
1.496700569987297058e-02
-1.831316947937011719e-02
8.423767983913421631e-03
-1.919265277683734894e-02
3.712086006999015808e-02
-1.302991434931755066e-02
4.249222204089164734e-02
-1.415894366800785065e-02
-1.524634845554828644e-02
-1.487534493207931519e-03
2.010947838425636292e-02
-2.667976543307304382e-02
-2.961906604468822479e-02
1.970144733786582947e-02
3.012629970908164978e-02
1.266892999410629272e-03
3.777480497956275940e-02
-3.912686184048652649e-02
-1.548667438328266144e-02
-3.188048303127288818e-02
3.888067975640296936e-02
-1.473594456911087036e-03
-5.469933152198791504e-03
-7.956460118293762207e-03
2.320175245404243469e-02
-2.672666497528553009e-02
-1.359573565423488617e-02
-4.315263405442237854e-02
3.886610269546508789e-03
-1.825646497309207916e-02
-1.496198400855064392e-02
2.562848106026649475e-02
3.216303884983062744e-03
4.145894572138786316e-02
3.076805546879768372e-02
-1.999000832438468933e-02
1.420309767127037048e-02
-2.044880203902721405e-02
-9.988121688365936279e-03
3.832020983099937439e-02
-2.751720882952213287e-02
3.394657745957374573e-02
1.664420217275619507e-02
2.794786170125007629e-02
-6.944503635168075562e-03
-4.327088594436645508e-03
-2.517300099134445190e-02
-4.268166050314903259e-02
3.523914143443107605e-02
-6.835184991359710693e-03
-4.929147660732269287e-03
4.348970949649810791e-03
-2.442409284412860870e-02
-1.060390099883079529e-02
4.691317677497863770e-03
2.485458925366401672e-02
3.933755680918693542e-02
3.514729067683219910e-02
-8.276119828224182129e-03
-3.467347472906112671e-02
-1.415470242500305176e-02
-3.381011262536048889e-02
-1.406421326100826263e-02
-2.738733217120170593e-02
-9.183146059513092041e-03
3.867805376648902893e-02
1.538588479161262512e-02
4.231448844075202942e-02
3.956846520304679871e-02
1.659268885850906372e-02
3.891944885253906250e-03
-3.749858587980270386e-03
-1.334617286920547485e-02
9.900506585836410522e-03
-3.096787631511688232e-02
-2.499121613800525665e-02
-2.963163144886493683e-02
2.424244210124015808e-02
9.378448128700256348e-03
2.891638502478599548e-02
-1.992291957139968872e-02
2.793800458312034607e-02
-1.431749016046524048e-02
4.238302633166313171e-02
-5.941066890954971313e-03
2.168429270386695862e-02
1.515515893697738647e-02
2.303155139088630676e-02
-3.529895097017288208e-02
2.123728021979331970e-02
-2.171680331230163574e-03
4.113991931080818176e-02
3.698852285742759705e-02
2.728493884205818176e-02
-1.719427108764648438e-02
-2.807216159999370575e-02
-4.359464347362518311e-02
3.957368806004524231e-02
1.011621206998825073e-02
1.311720535159111023e-02
-4.245699197053909302e-02
1.144122332334518433e-03
7.849559187889099121e-03
2.358815446496009827e-02
-3.801685199141502380e-02
8.002109825611114502e-03
6.590064615011215210e-03
3.535265102982521057e-02
-2.507464028894901276e-02
4.187044128775596619e-02
3.829680755734443665e-02
-2.549150958657264709e-02
2.041076496243476868e-02
3.041118010878562927e-02
2.713688835501670837e-02
2.158996835350990295e-02
4.010503366589546204e-02
2.750021591782569885e-02
1.107978075742721558e-02
-1.503147371113300323e-02
8.613988757133483887e-03
-1.859188079833984375e-02
3.006245568394660950e-02
9.047284722328186035e-03
-8.987057954072952271e-03
-4.377668350934982300e-02
-5.768112838268280029e-03
3.566403314471244812e-02
4.094164818525314331e-03
-5.943842232227325439e-03
-1.512386463582515717e-02
-4.401628300547599792e-02
3.984334692358970642e-02
-3.134530037641525269e-02
-2.022728323936462402e-03
1.110998913645744324e-02
-2.572064101696014404e-02
7.649958133697509766e-03
2.085153385996818542e-02
-1.121034845709800720e-02
4.214433208107948303e-02
-5.306661128997802734e-03
3.787856176495552063e-02
3.701382502913475037e-02
2.076591178774833679e-02
-3.511447459459304810e-03
2.838950231671333313e-02
3.667297586798667908e-02
-3.175336122512817383e-02
2.579633519053459167e-02
-2.369591221213340759e-02
-1.549608446657657623e-02
-4.351288080215454102e-02
4.592061042785644531e-03
4.241543635725975037e-02
-4.241523519158363342e-02
-2.151044458150863647e-02
-5.238562822341918945e-03
-2.082752250134944916e-02
-2.706485614180564880e-02
-4.294216260313987732e-02
4.407413676381111145e-02
3.079979494214057922e-02
2.557517215609550476e-02
3.314549848437309265e-02
-1.513980142772197723e-02
-1.848719827830791473e-02
-2.362437546253204346e-03
-1.151543483138084412e-02
1.233259961009025574e-02
2.718025818467140198e-02
-3.333636000752449036e-02
