4.675105214118957520e-03
-3.782484307885169983e-02
-5.780368298292160034e-02
-4.812159389257431030e-02
2.807960659265518188e-02
2.241995930671691895e-02
-5.295560508966445923e-02
6.810028851032257080e-02
-3.993623703718185425e-02
-5.459844321012496948e-02
2.494215965270996094e-03
1.105019450187683105e-02
-2.315541356801986694e-02
3.974965959787368774e-02
-1.840323582291603088e-02
-3.453824296593666077e-02
-6.785587221384048462e-02
1.648359000682830811e-02
6.498041749000549316e-02
-6.949394941329956055e-03
-8.488751947879791260e-03
-1.544508337974548340e-02
-4.417848587036132812e-02
1.736659556627273560e-02
4.928565025329589844e-02
-4.187896847724914551e-03
4.882526397705078125e-02
5.073984712362289429e-02
-4.594509303569793701e-02
5.909848213195800781e-02
-6.744451820850372314e-02
2.120677381753921509e-02
4.216649383306503296e-02
-5.090606212615966797e-02
-2.219744026660919189e-03
1.677961647510528564e-02
-3.325243666768074036e-02
6.351266801357269287e-02
2.652304619550704956e-02
4.513148218393325806e-02
7.021129131317138672e-02
-1.445443183183670044e-02
-2.210447564721107483e-02
3.895787149667739868e-02
-1.244869455695152283e-02
5.873726308345794678e-02
-5.680872499942779541e-02
-4.518680274486541748e-03
-3.864660114049911499e-02
-6.867676228284835815e-02
-1.240740716457366943e-02
-2.226592227816581726e-02
-5.764677003026008606e-02
-4.027329385280609131e-02
1.738857477903366089e-02
-2.204445004463195801e-02
1.876477897167205811e-02
-3.194901719689369202e-02
5.459064245223999023e-02
-2.155210822820663452e-02
-5.291204154491424561e-02
-6.587675213813781738e-02
-2.917093783617019653e-02
-6.110790371894836426e-02
2.314279973506927490e-02
2.800419926643371582e-02
7.068133354187011719e-02
5.218636989593505859e-02
5.294665694236755371e-03
5.308659374713897705e-02
2.797047048807144165e-02
1.886659860610961914e-02
-5.847462266683578491e-02
-8.569531142711639404e-03
7.147873938083648682e-02
3.059177845716476440e-02
-3.496658056974411011e-02
4.985272139310836792e-02
-6.955158710479736328e-02
1.465310901403427124e-02
4.576385021209716797e-02
3.615985065698623657e-02
-2.289519459009170532e-02
1.788561046123504639e-02
-3.264524042606353760e-03
2.797389775514602661e-02
-4.922071099281311035e-02
-8.216403424739837646e-03
4.942490905523300171e-02
2.357970178127288818e-02
-4.188232123851776123e-03
-6.693849712610244751e-02
-3.270488604903221130e-02
2.867329120635986328e-02
-5.592007562518119812e-02
-2.280226349830627441e-02
4.562609642744064331e-02
6.449142098426818848e-02
-5.584048852324485779e-02
-5.403517931699752808e-02
-5.438089743256568909e-02
5.774290859699249268e-02
4.576280713081359863e-03
-5.827086418867111206e-02
-3.717986121773719788e-02
1.151722669601440430e-02
-5.280369147658348083e-02
-3.071242943406105042e-02
3.306107223033905029e-02
7.152801752090454102e-02
3.495453298091888428e-02
-3.507980704307556152e-02
5.692814290523529053e-02
2.580634504556655884e-02
-1.289254054427146912e-02
4.344012588262557983e-02
-3.554904833436012268e-02
-4.996168613433837891e-02
5.265161395072937012e-02
-1.073494926095008850e-02
1.980412006378173828e-02
3.272031247615814209e-02
6.260630488395690918e-02
-3.070733696222305298e-02
1.236403733491897583e-02
1.626330614089965820e-02
7.164499163627624512e-02
2.595466375350952148e-02
