9.820543229579925537e-03
-1.183925941586494446e-02
1.012120861560106277e-02
3.816294670104980469e-02
6.451569497585296631e-02
3.872625157237052917e-02
5.146317556500434875e-02
9.822276420891284943e-03
-4.194893687963485718e-02
-2.989056333899497986e-02
-2.410236001014709473e-02
-1.683386601507663727e-02
-4.482647404074668884e-02
2.129585295915603638e-02
2.466407604515552521e-02
-2.860092930495738983e-02
1.969015784561634064e-02
4.659485444426536560e-02
-1.539242337457835674e-03
1.392272580415010452e-02
1.700899377465248108e-02
4.350921884179115295e-02
1.104427967220544815e-02
2.493825741112232208e-02
