-2.564771100878715515e-02
-1.341830492019653320e-01
1.610941737890243530e-01
-7.151906937360763550e-02
-1.503442376852035522e-01
-1.706215739250183105e-01
2.072914876043796539e-02
-1.834706962108612061e-01
8.587580919265747070e-02
3.797030076384544373e-02
1.740205734968185425e-01
-1.616020947694778442e-01
-5.020966753363609314e-03
-3.784356522373855114e-05
3.262057900428771973e-03
8.557067066431045532e-02
-3.861649334430694580e-02
-1.016775891184806824e-01
1.212925389409065247e-01
-1.487321555614471436e-01
-1.500667184591293335e-01
8.364902436733245850e-02
-8.040180057287216187e-02
1.421292573213577271e-01
-1.563055962324142456e-01
1.401948183774948120e-01
2.930495701730251312e-02
-3.259700164198875427e-02
1.510723680257797241e-01
-7.908215373754501343e-02
4.024529829621315002e-02
-6.259348988533020020e-02
7.458452135324478149e-02
8.958915621042251587e-02
1.781359016895294189e-01
-9.972582757472991943e-02
5.641685426235198975e-02
-1.217003818601369858e-02
1.521123796701431274e-01
-1.259739249944686890e-01
-6.234486028552055359e-02
1.494208872318267822e-01
7.602099329233169556e-02
-5.167775228619575500e-02
6.527501344680786133e-02
7.924501597881317139e-02
-6.022598221898078918e-02
-1.680643111467361450e-01
-1.535723954439163208e-01
1.211952343583106995e-01
-3.576260060071945190e-02
1.006523370742797852e-01
-1.491040736436843872e-01
1.733669042587280273e-01
6.221873313188552856e-02
-2.643661014735698700e-02
-8.421992510557174683e-02
-2.710476145148277283e-02
-1.377779841423034668e-01
-1.637627929449081421e-01
-8.965046703815460205e-02
1.219597309827804565e-01
-1.676481366157531738e-01
1.550075560808181763e-01
1.105413660407066345e-01
-1.578310579061508179e-01
1.679050177335739136e-01
6.383337825536727905e-02
-2.572574280202388763e-02
3.125142678618431091e-02
3.458037227392196655e-02
1.333515197038650513e-01
2.067781388759613037e-01
6.102893501520156860e-02
-4.409801680594682693e-03
2.393700927495956421e-02
5.448895320296287537e-02
-6.713003665208816528e-02
-8.067099004983901978e-02
-2.087553888559341431e-01
1.984546929597854614e-01
-8.078797906637191772e-02
-8.113984018564224243e-03
-1.752686351537704468e-01
-3.592331707477569580e-02
1.693125069141387939e-01
-1.630891114473342896e-01
9.432922303676605225e-02
1.829853355884552002e-01
-2.035968005657196045e-01
2.333939634263515472e-02
7.187817990779876709e-02
3.365173190832138062e-02
8.591328514739871025e-04
1.748356670141220093e-01
1.861630231142044067e-01
1.571205817162990570e-02
9.341685473918914795e-02
-6.322333961725234985e-02
-8.908039331436157227e-02
-6.508794426918029785e-02
1.357238739728927612e-01
1.781376302242279053e-01
1.435247808694839478e-01
1.889652013778686523e-02
6.216150149703025818e-02
-8.629494905471801758e-02
-2.893426269292831421e-02
-1.487569212913513184e-01
8.679474145174026489e-02
-1.266794204711914062e-01
1.920160204172134399e-01
2.139063738286495209e-02
1.042132601141929626e-01
-3.469155356287956238e-02
4.717711731791496277e-02
-1.819612532854080200e-01
-1.638054698705673218e-01
-9.564879536628723145e-02
1.983726769685745239e-01
1.002220064401626587e-01
1.089110374450683594e-01
1.943427771329879761e-01
1.012293845415115356e-01
8.695961534976959229e-02
-7.111140340566635132e-02
-6.431809067726135254e-02
1.506543457508087158e-01
1.749664396047592163e-01
-1.329932957887649536e-01
7.376343756914138794e-02
-4.047431051731109619e-02
2.004871070384979248e-01
-2.037196420133113861e-02
-3.259254619479179382e-02
-2.508146874606609344e-02
-2.615494653582572937e-02
1.833061724901199341e-01
-7.425643503665924072e-02
8.099452406167984009e-02
1.422144751995801926e-02
1.651864349842071533e-01
1.292994469404220581e-01
-1.262511461973190308e-01
-2.781090512871742249e-02
-1.304186228662729263e-02
-5.197275802493095398e-02
1.523791402578353882e-01
1.983054578304290771e-01
-1.648996919393539429e-01
-6.918540596961975098e-02
1.905259639024734497e-01
2.074736542999744415e-02
-5.130786821246147156e-02
1.460529714822769165e-01
-1.385829132050275803e-02
-7.282900810241699219e-02
-1.902914643287658691e-01
1.348472088575363159e-01
-4.478479176759719849e-02
-1.169971376657485962e-01
-1.421066373586654663e-01
-1.615176051855087280e-01
5.739825963973999023e-02
6.884492188692092896e-02
4.741573706269264221e-02
-1.291082650423049927e-01
-2.026299685239791870e-01
-1.194076389074325562e-01
-1.312870681285858154e-01
5.353102087974548340e-02
7.126088440418243408e-02
-9.366019815206527710e-02
-1.853726655244827271e-01
1.289157569408416748e-01
8.338557183742523193e-02
-8.862395584583282471e-02
-8.360300213098526001e-02
-1.876928098499774933e-02
-9.555777907371520996e-02
1.056806370615959167e-01
2.498966641724109650e-02
-1.308046132326126099e-01
-1.817553490400314331e-01
-8.904712647199630737e-02
-1.556330025196075439e-01
-4.464644193649291992e-02
-5.139535665512084961e-02
-9.841766208410263062e-02
1.826767437160015106e-02
-8.221732079982757568e-02
1.083395704627037048e-01
1.122777909040451050e-01
-5.622878298163414001e-02
-8.317004144191741943e-02
-1.771187931299209595e-01
-6.220540497452020645e-03
-1.540486365556716919e-01
1.740807592868804932e-01
1.011730208992958069e-01
