5.072680115699768066e-02
3.698690235614776611e-02
3.293398022651672363e-02
1.994784362614154816e-02
-4.228958860039710999e-02
-1.934977620840072632e-02
3.935208916664123535e-02
-4.830706492066383362e-02
-2.582788653671741486e-02
-6.011470220983028412e-03
-6.136225070804357529e-03
9.561976417899131775e-03
-4.430518671870231628e-02
-1.992078311741352081e-02
9.623236022889614105e-03
-1.336794532835483551e-02
4.775203019380569458e-02
4.431911557912826538e-02
6.616778206080198288e-03
6.967425346374511719e-03
2.869993448257446289e-02
-4.357746988534927368e-02
1.083725597709417343e-03
-1.631172723136842251e-03
-1.624739915132522583e-02
2.803767658770084381e-02
1.604466326534748077e-02
2.610102668404579163e-02
4.578389599919319153e-02
1.644798438064754009e-03
-3.681378066539764404e-02
2.017097547650337219e-02
-1.435254793614149094e-02
-3.445990011096000671e-02
-2.578971348702907562e-02
3.146004676818847656e-02
-2.817485667765140533e-02
9.699715301394462585e-03
-2.363387495279312134e-02
4.176459833979606628e-02
-1.385104935616254807e-02
5.339739471673965454e-02
2.486582100391387939e-02
-3.391878306865692139e-02
-1.670612953603267670e-02
4.813943058252334595e-02
2.383142337203025818e-02
-3.643779084086418152e-02
7.764279376715421677e-03
-3.621371835470199585e-02
-2.912258729338645935e-02
3.089626878499984741e-02
3.213657438755035400e-02
-3.364650905132293701e-02
1.160705089569091797e-02
-4.961523413658142090e-02
-3.149063140153884888e-02
1.967982575297355652e-02
-4.911242518573999405e-03
3.899788111448287964e-02
2.662841603159904480e-02
4.040894564241170883e-03
1.641656272113323212e-02
1.992803625762462616e-02
-3.029200434684753418e-02
-3.636181727051734924e-02
3.417254239320755005e-02
-2.686425112187862396e-02
-4.378371685743331909e-02
2.617175690829753876e-02
4.799268022179603577e-02
-2.302691154181957245e-02
-1.944985589943826199e-03
2.109437249600887299e-03
-2.085742168128490448e-02
1.605619862675666809e-02
-3.123250417411327362e-02
2.826007781550288200e-03
-4.592974483966827393e-02
-4.235164821147918701e-02
-3.884308785200119019e-02
-1.916302181780338287e-02
7.866892032325267792e-03
3.495281562209129333e-03
9.494121186435222626e-03
-2.146826684474945068e-02
-4.869838804006576538e-02
3.740076348185539246e-02
-2.477671718224883080e-03
-2.351510524749755859e-02
1.731976121664047241e-02
9.095910936594009399e-03
-3.412841260433197021e-02
-1.775522530078887939e-02
-3.953491896390914917e-02
1.142937969416379929e-02
2.467299252748489380e-02
-3.325234353542327881e-02
4.933213815093040466e-03
2.481881342828273773e-02
2.826223149895668030e-02
1.162675791420042515e-03
-4.583108425140380859e-02
3.936816006898880005e-02
2.357646450400352478e-02
4.260566830635070801e-02
3.581387922167778015e-02
4.497182369232177734e-02
1.144293788820505142e-02
1.174566894769668579e-02
-3.478169813752174377e-02
-4.685112088918685913e-02
2.248095162212848663e-02
3.977274522185325623e-02
-4.709462076425552368e-02
5.086965486407279968e-02
-4.476941004395484924e-02
-4.311755299568176270e-02
1.643772982060909271e-02
-4.854161664843559265e-02
-5.231452640146017075e-03
-1.161433197557926178e-02
-3.822345286607742310e-02
1.511001680046319962e-02
3.411145135760307312e-02
8.515836670994758606e-03
2.371485158801078796e-02
-1.934625953435897827e-02
-1.819400675594806671e-02
3.559192270040512085e-02
-6.157819647341966629e-03
-3.731841593980789185e-02
-2.848086506128311157e-02
2.361759915947914124e-02
2.703204937279224396e-02
2.357279695570468903e-02
2.465926855802536011e-02
1.189966686069965363e-02
3.296172618865966797e-02
-3.959331952501088381e-04
4.379721358418464661e-02
-1.407597959041595459e-02
-1.938793063163757324e-02
7.395328488200902939e-03
3.321503475308418274e-02
5.072331055998802185e-02
-8.426797576248645782e-03
-3.038656152784824371e-02
-4.504259210079908371e-03
4.567435011267662048e-03
2.791592851281166077e-02
4.807383567094802856e-02
5.243126675486564636e-02
-4.105945583432912827e-03
-4.304365441203117371e-02
-1.653027907013893127e-02
-1.820084825158119202e-02
-1.087261270731687546e-02
-2.134469151496887207e-02
1.394381932914257050e-02
