6.138436123728752136e-02
-3.790752589702606201e-01
-5.603815242648124695e-02
8.905275166034698486e-02
3.422712087631225586e-01
-4.609775543212890625e-01
-5.380101799964904785e-01
-1.633820980787277222e-01
2.475685328245162964e-01
2.670854032039642334e-01
-2.407976053655147552e-02
-4.126316606998443604e-01
-1.795780509710311890e-01
2.402468323707580566e-01
4.707159847021102905e-02
2.500953674316406250e-01
-1.808379441499710083e-01
-2.862816751003265381e-01
2.893372476100921631e-01
3.703619912266731262e-02
-3.345403447747230530e-02
-9.663605690002441406e-02
-2.976869940757751465e-01
3.071670830249786377e-01
-1.059555727988481522e-02
-2.691678702831268311e-01
-1.449723243713378906e-01
-3.378901183605194092e-01
1.483042538166046143e-01
4.833386540412902832e-01
-4.540468752384185791e-02
5.618412420153617859e-02
1.236301288008689880e-01
4.739030897617340088e-01
3.242097795009613037e-01
-2.862348258495330811e-01
2.340439856052398682e-01
4.066215455532073975e-02
4.152366518974304199e-01
-3.642579773440957069e-03
-3.371953666210174561e-01
-1.279854774475097656e-01
-2.198920547962188721e-01
1.254179030656814575e-01
-3.506209235638380051e-03
-5.478407070040702820e-02
-2.133100777864456177e-01
-4.397033751010894775e-01
-3.230156376957893372e-02
-2.753878012299537659e-02
-3.337934017181396484e-01
-1.828400343656539917e-01
-3.916811347007751465e-01
-3.541402816772460938e-01
-1.465359330177307129e-01
-2.011581063270568848e-01
-1.323251426219940186e-01
-7.280814461410045624e-03
-2.682388424873352051e-01
-9.583647549152374268e-02
-2.673173248767852783e-01
2.773517966270446777e-01
9.590818732976913452e-02
2.855199873447418213e-01
1.612890213727951050e-01
-1.318762600421905518e-01
1.897094100713729858e-01
1.186922043561935425e-01
2.618253231048583984e-01
2.142824530601501465e-01
-8.595488965511322021e-02
1.838657855987548828e-01
3.108873367309570312e-01
1.666145920753479004e-01
-6.810891628265380859e-02
3.636822476983070374e-02
-2.659194916486740112e-02
-1.875823438167572021e-01
-7.207764387130737305e-01
-1.065647602081298828e+00
-4.251674190163612366e-02
1.109134107828140259e-01
1.270511895418167114e-01
-2.020206004381179810e-01
-3.944650888442993164e-01
2.718362398445606232e-02
2.846511080861091614e-02
-6.130598485469818115e-02
1.206913962960243225e-01
-4.669500514864921570e-02
-9.003529325127601624e-03
1.143877878785133362e-01
6.014611199498176575e-02
-3.799645975232124329e-02
-5.394282937049865723e-02
6.892179697751998901e-02
4.777537286281585693e-02
3.027476835995912552e-03
2.014934644103050232e-02
-1.584180071949958801e-02
-2.848025225102901459e-02
-3.084580600261688232e-02
3.064771555364131927e-02
2.821944952011108398e-01
-1.560651808977127075e-01
2.759292162954807281e-02
-7.044622302055358887e-02
-7.778873294591903687e-02
1.227773800492286682e-01
-7.473421096801757812e-02
-6.997716147452592850e-03
-1.391671895980834961e-01
-2.175309956073760986e-01
2.205042541027069092e-01
9.628408588469028473e-03
-3.902718797326087952e-02
-1.620028018951416016e-01
-1.189167276024818420e-01
2.166855484247207642e-01
1.113429963588714600e-01
-5.205423384904861450e-02
1.452477723360061646e-01
2.172257453203201294e-01
1.841189563274383545e-01
1.741986162960529327e-02
-7.221665978431701660e-02
-2.629999518394470215e-01
5.151596069335937500e-01
-1.104937344789505005e-01
-3.510738536715507507e-02
-1.547478437423706055e-01
-2.487313300371170044e-01
7.423853278160095215e-01
-3.455469012260437012e-01
-6.949733197689056396e-02
-2.778903245925903320e-01
-3.208735212683677673e-02
8.109712600708007812e-01
-5.630649328231811523e-01
3.547023981809616089e-02
-1.781895458698272705e-01
8.030612766742706299e-02
4.686257243156433105e-01
-2.706956565380096436e-01
-6.744468212127685547e-02
-4.586245492100715637e-02
-5.162044614553451538e-02
3.397103250026702881e-01
5.047138407826423645e-02
-1.804416924715042114e-01
